mean,std
[-4.4498209953308105],[2.011627674102783]
[-4.457781791687012],[2.029438018798828]
[-4.104042053222656],[1.8428789377212524]
[-2.9818003177642822],[2.5880215167999268]
[-3.1788105964660645],[4.781933784484863]
[-2.789935350418091],[5.912531852722168]
[-3.021862506866455],[7.8059468269348145]
[-2.0113391876220703],[5.456709861755371]
[-1.4154014587402344],[1.2610949277877808]
[-1.028450608253479],[0.9804418683052063]
[-1.1579376459121704],[0.9289601445198059]
[-1.0323222875595093],[1.1914353370666504]
[-1.1635982990264893],[1.8663811683654785]
[-1.067273497581482],[2.625469923019409]
[-1.2271069288253784],[3.2752041816711426]
[-1.2833274602890015],[4.111985206604004]
[-1.2987452745437622],[4.572296142578125]
[-1.4309743642807007],[5.520336151123047]
[-1.2670484781265259],[6.200756549835205]
[-1.3728777170181274],[6.615765571594238]
[-1.4881889820098877],[7.3979387283325195]
[-1.4644020795822144],[7.74415922164917]
[-1.5257781744003296],[7.761599540710449]
[-1.5345842838287354],[7.8132100105285645]
[-1.4118460416793823],[7.933147430419922]
[-1.2610602378845215],[6.737724304199219]
[-1.438421607017517],[6.767326354980469]
[-1.2735384702682495],[5.4879374504089355]
[-1.2594146728515625],[5.09376335144043]
[-1.1978753805160522],[4.933119773864746]
[-1.1047221422195435],[4.885683059692383]
[-1.1834867000579834],[4.827563762664795]
[-1.184475302696228],[4.735273361206055]
[-0.9686611890792847],[4.530177593231201]
[-1.0278477668762207],[4.127431869506836]
[-1.0253047943115234],[3.707547903060913]
[-0.8954808115959167],[3.4815406799316406]
[-0.8552706241607666],[3.165663480758667]
[-0.8290454149246216],[2.6684093475341797]
[-0.765137255191803],[2.5357847213745117]
[-0.7738829851150513],[2.2300095558166504]
[-0.7212367057800293],[2.041677951812744]
[-0.6817210912704468],[1.8455722332000732]
[-0.6348481774330139],[1.7819008827209473]
[-0.642107367515564],[1.610676646232605]
[-0.6738608479499817],[1.3620816469192505]
[-0.6528903841972351],[1.3923509120941162]
[-0.6305928826332092],[1.3172060251235962]
[-0.5839478373527527],[1.420914888381958]
[-0.5917677879333496],[1.3463793992996216]
[-0.5670108795166016],[1.258357286453247]
[-0.5697928667068481],[1.2275387048721313]
[-0.5629376769065857],[1.1968249082565308]
[-0.5227963924407959],[1.1327241659164429]
[-0.5245334506034851],[1.0874693393707275]
[-0.5073779821395874],[1.1290470361709595]
[-0.49663645029067993],[0.9876660108566284]
[-0.5085682272911072],[0.9808721542358398]
[-0.4969446659088135],[0.9685487151145935]
[-0.47923311591148376],[0.9916583895683289]
[-0.49632883071899414],[0.9898709654808044]
[-0.47844401001930237],[0.944750189781189]
[-0.4791046679019928],[0.9252416491508484]
[-0.4874430298805237],[0.964615523815155]
[-0.47439756989479065],[0.9907382130622864]
[-0.4476826786994934],[0.9304786920547485]
[-0.4458661675453186],[0.878708004951477]
[-0.46361690759658813],[0.885818600654602]
[-0.4572848975658417],[0.915244996547699]
[-0.45201799273490906],[0.901619017124176]
[-0.4496520459651947],[0.8838150501251221]
[-0.45688101649284363],[0.8643646240234375]
[-0.45036327838897705],[0.8665933609008789]
[-0.443885862827301],[0.8576086759567261]
[-0.43398135900497437],[0.814574122428894]
[-0.4280884563922882],[0.8154065608978271]
[-0.42818307876586914],[0.7936050891876221]
[-0.42150038480758667],[0.8054961562156677]
[-0.4251292049884796],[0.7884097099304199]
[-0.4148053526878357],[0.7870892882347107]
[-0.3968000113964081],[0.7606828212738037]
[-0.4034128487110138],[0.743587076663971]
[-0.4113672971725464],[0.7725579142570496]
[-0.39817821979522705],[0.7590299844741821]
[-0.4077220857143402],[0.7764182090759277]
[-0.40365028381347656],[0.7548874020576477]
[-0.40185946226119995],[0.7611286044120789]
[-0.38301727175712585],[0.7332760691642761]
[-0.398592472076416],[0.7490231394767761]
[-0.3840784430503845],[0.7256825566291809]
[-0.3913232088088989],[0.7405687570571899]
[-0.3961896300315857],[0.7352995872497559]
[-0.38930681347846985],[0.7428813576698303]
[-0.40035077929496765],[0.7604301571846008]
[-0.3993464410305023],[0.7632523775100708]
[-0.390654593706131],[0.7370057702064514]
[-0.38189706206321716],[0.7350495457649231]
[-0.373675137758255],[0.7267633676528931]
[-0.36813926696777344],[0.7180970907211304]
[-0.3679686188697815],[0.7151779532432556]
[-0.3721916973590851],[0.7186307907104492]
[-0.37181776762008667],[0.7251635193824768]
[-0.3791882395744324],[0.7349132299423218]
[-0.3789192736148834],[0.7377899289131165]
[-0.37754130363464355],[0.7393556237220764]
[-0.36351263523101807],[0.7156627774238586]
[-0.36650896072387695],[0.7182066440582275]
[-0.37502366304397583],[0.7313730120658875]
[-0.36323827505111694],[0.7172427177429199]
[-0.36258459091186523],[0.7121577262878418]
[-0.3675153851509094],[0.7195131778717041]
[-0.3758664131164551],[0.7310830354690552]
[-0.37245532870292664],[0.730173647403717]
[-0.36919400095939636],[0.7268431186676025]
[-0.37171316146850586],[0.7313515543937683]
[-0.3622146248817444],[0.7199039459228516]
[-0.3590732514858246],[0.7160466313362122]
[-0.3634658455848694],[0.7215086817741394]
[-0.3491533696651459],[0.7062941789627075]
[-0.35381147265434265],[0.7087606191635132]
[-0.35825130343437195],[0.7129420638084412]
[-0.35021916031837463],[0.7019696235656738]
[-0.35453683137893677],[0.7125040292739868]
[-0.35131919384002686],[0.7126864194869995]
[-0.3448827564716339],[0.7008441090583801]
[-0.34615617990493774],[0.7040531039237976]
[-0.34350746870040894],[0.6965738534927368]
[-0.35381460189819336],[0.7216376066207886]
[-0.35255125164985657],[0.7166416645050049]
[-0.3546638786792755],[0.7193664312362671]
[-0.3408931493759155],[0.702655553817749]
[-0.34750133752822876],[0.7070637941360474]
[-0.34766197204589844],[0.7140364050865173]
[-0.3453255891799927],[0.709131121635437]
[-0.34883415699005127],[0.7146931886672974]
[-0.3422212302684784],[0.7050961256027222]
[-0.34063443541526794],[0.7036775350570679]
[-0.34499308466911316],[0.7143993377685547]
[-0.3430330753326416],[0.7127093076705933]
[-0.3459431231021881],[0.7144536972045898]
[-0.3415038287639618],[0.7095874547958374]
[-0.3356063961982727],[0.7005293369293213]
[-0.33643606305122375],[0.7066975235939026]
[-0.32770970463752747],[0.6869875192642212]
[-0.3345578908920288],[0.702879786491394]
[-0.3384052515029907],[0.7112706899642944]
[-0.3358621597290039],[0.7087138891220093]
[-0.3245483934879303],[0.6892916560173035]
[-0.32630595564842224],[0.6945862174034119]
[-0.32894837856292725],[0.7005196213722229]
[-0.3294529616832733],[0.7048230767250061]
[-0.3215268850326538],[0.6887117028236389]
[-0.3203662037849426],[0.6874358057975769]
[-0.3233145475387573],[0.6948475241661072]
[-0.31363219022750854],[0.674718976020813]
[-0.3162693679332733],[0.6773664951324463]
[-0.32720208168029785],[0.7015538811683655]
[-0.32778123021125793],[0.701020359992981]
[-0.32251831889152527],[0.687411367893219]
[-0.32430607080459595],[0.6974952220916748]
[-0.3146083354949951],[0.6736195683479309]
[-0.3284458816051483],[0.7040652632713318]
[-0.31609663367271423],[0.6781045198440552]
[-0.32236161828041077],[0.6944513916969299]
[-0.3206931948661804],[0.6931829452514648]
[-0.31986990571022034],[0.6883700489997864]
[-0.3152829110622406],[0.682110071182251]
[-0.32566240429878235],[0.7005038857460022]
[-0.32097917795181274],[0.6917334198951721]
[-0.3228229582309723],[0.6991567015647888]
[-0.313016414642334],[0.6727937459945679]
[-0.3158573806285858],[0.6824842691421509]
[-0.32579559087753296],[0.6977806091308594]
[-0.32493093609809875],[0.6989721655845642]
[-0.320992648601532],[0.6849343180656433]
[-0.32284873723983765],[0.6936010122299194]
[-0.3125397562980652],[0.6738511919975281]
[-0.3223791718482971],[0.695345401763916]
[-0.31757304072380066],[0.6850389838218689]
[-0.3207056224346161],[0.6930385828018188]
[-0.31016209721565247],[0.6710836291313171]
[-0.31706011295318604],[0.685838520526886]
[-0.32221150398254395],[0.6970041394233704]
[-0.3158338963985443],[0.6793734431266785]
[-0.32375332713127136],[0.6981229782104492]
[-0.31224632263183594],[0.6719679236412048]
[-0.31003880500793457],[0.6723800301551819]
[-0.31194213032722473],[0.6784005761146545]
[-0.31252938508987427],[0.6770927309989929]
[-0.3163372278213501],[0.684234082698822]
[-0.32244202494621277],[0.6984229683876038]
[-0.31667041778564453],[0.6793771386146545]
[-0.3171263039112091],[0.6808062791824341]
[-0.3228456974029541],[0.6958999037742615]
[-0.3234942555427551],[0.6965780258178711]
[-0.3167935311794281],[0.6798643469810486]
[-0.3255462348461151],[0.6985934376716614]
[-0.3153626620769501],[0.6785720586776733]
[-0.3179582953453064],[0.686884880065918]
[-0.32086411118507385],[0.6967722773551941]
[-0.31429362297058105],[0.6792033910751343]
[-0.3138606548309326],[0.6778591275215149]
[-0.3166901171207428],[0.690402626991272]
[-0.3180445432662964],[0.6929709911346436]
[-0.31551775336265564],[0.6926647424697876]
[-0.31399106979370117],[0.6919322609901428]
[-0.3136896789073944],[0.6962522268295288]
[-0.3008590340614319],[0.6706501245498657]
[-0.30456772446632385],[0.6855996251106262]
[-0.3004709780216217],[0.6829884648323059]
[-0.29864251613616943],[0.6817591190338135]
[-0.3050447702407837],[0.6972886323928833]
[-0.29348427057266235],[0.6696391105651855]
[-0.29657384753227234],[0.6758228540420532]
[-0.3019231855869293],[0.6899263262748718]
[-0.2920888662338257],[0.6684896349906921]
[-0.29433849453926086],[0.6747273802757263]
[-0.2928560674190521],[0.6701815724372864]
[-0.2924760580062866],[0.6687198281288147]
[-0.29925066232681274],[0.6846053004264832]
[-0.295285165309906],[0.6761698126792908]
[-0.3037114143371582],[0.6960694789886475]
[-0.30093783140182495],[0.6898857951164246]
[-0.2957567274570465],[0.6785808205604553]
[-0.2922983169555664],[0.6696309447288513]
[-0.2983568012714386],[0.6846249103546143]
[-0.29392728209495544],[0.6755915284156799]
[-0.2940298914909363],[0.6748763918876648]
[-0.29811617732048035],[0.6851361393928528]
[-0.2921777367591858],[0.6685643792152405]
[-0.30178216099739075],[0.6949987411499023]
[-0.295756071805954],[0.6802381873130798]
[-0.29534387588500977],[0.6776246428489685]
[-0.29156243801116943],[0.6693519353866577]
[-0.30050036311149597],[0.6941677927970886]
[-0.3004426062107086],[0.6909341216087341]
[-0.2938869297504425],[0.6760227680206299]
[-0.2941603362560272],[0.6790143847465515]
[-0.2902214527130127],[0.6674335598945618]
[-0.2970126271247864],[0.6843184232711792]
[-0.29138728976249695],[0.6723724603652954]
[-0.29818734526634216],[0.6905930042266846]
[-0.29079365730285645],[0.6719027161598206]
[-0.29346442222595215],[0.6783843040466309]
[-0.2886050343513489],[0.6687152981758118]
[-0.29871729016304016],[0.6938101053237915]
[-0.2901158630847931],[0.6710526347160339]
[-0.28868594765663147],[0.6683794260025024]
[-0.28673455119132996],[0.6645753979682922]
[-0.29643651843070984],[0.6894053816795349]
[-0.28920724987983704],[0.6693612933158875]
[-0.29151639342308044],[0.6759644150733948]
[-0.2957267761230469],[0.6882432699203491]
[-0.2866913080215454],[0.6641957759857178]
[-0.29291656613349915],[0.6795431971549988]
[-0.29471921920776367],[0.6871052384376526]
[-0.2885124683380127],[0.6688448786735535]
[-0.2958267033100128],[0.6898727416992188]
[-0.2917380630970001],[0.679095447063446]
[-0.2905493378639221],[0.6768215298652649]
[-0.28795522451400757],[0.6715853810310364]
[-0.28923651576042175],[0.6740744709968567]
[-0.28726139664649963],[0.6655596494674683]
[-0.28421297669410706],[0.6614711880683899]
[-0.28483444452285767],[0.6629217267036438]
[-0.28480905294418335],[0.6632663607597351]
[-0.28457701206207275],[0.6636654734611511]
[-0.2897428572177887],[0.678101122379303]
[-0.2832445204257965],[0.6594090461730957]
[-0.2938233017921448],[0.6893225312232971]
[-0.282817006111145],[0.659389317035675]
[-0.2861366868019104],[0.6686574220657349]
[-0.28550195693969727],[0.6693127751350403]
[-0.28868135809898376],[0.6765923500061035]
[-0.2913718521595001],[0.6848615407943726]
[-0.2847353518009186],[0.6635369062423706]
[-0.2876614034175873],[0.6729151010513306]
[-0.28219884634017944],[0.6573104858398438]
[-0.28857019543647766],[0.6759259700775146]
[-0.28304389119148254],[0.6593751311302185]
[-0.2938072681427002],[0.6885634660720825]
[-0.2839870750904083],[0.6634606719017029]
[-0.2915116548538208],[0.6856555342674255]
[-0.28827229142189026],[0.675240695476532]
[-0.2847696840763092],[0.6649209260940552]
[-0.28904396295547485],[0.677619993686676]
[-0.2857212424278259],[0.6683428287506104]
[-0.2884918749332428],[0.6729186773300171]
[-0.2903698682785034],[0.6795241236686707]
[-0.28384721279144287],[0.6618688106536865]
[-0.2894009053707123],[0.6786267161369324]
[-0.2898206412792206],[0.6803250908851624]
[-0.28201040625572205],[0.6598924994468689]
[-0.28198087215423584],[0.6612741351127625]
[-0.2897999882698059],[0.6802574992179871]
[-0.2812061309814453],[0.6569081544876099]
[-0.28551068902015686],[0.6688923239707947]
[-0.2915829122066498],[0.6849948763847351]
[-0.2890205383300781],[0.6793845891952515]
[-0.2837505340576172],[0.6664314270019531]
[-0.2884085476398468],[0.6774171590805054]
[-0.2866467535495758],[0.6760048866271973]
[-0.28693586587905884],[0.67328280210495]
[-0.2817688286304474],[0.662253737449646]
[-0.28820326924324036],[0.6786193251609802]
[-0.2844630181789398],[0.6698898077011108]
[-0.28207165002822876],[0.6621818542480469]
[-0.2817959487438202],[0.6630476713180542]
[-0.2860734462738037],[0.6730003952980042]
[-0.2881086468696594],[0.6781213879585266]
[-0.28170716762542725],[0.6619694828987122]
[-0.28402939438819885],[0.6694012880325317]
[-0.28827500343322754],[0.6804083585739136]
[-0.280912309885025],[0.6594185829162598]
[-0.2861071825027466],[0.6740865111351013]
[-0.2842080593109131],[0.6728293895721436]
[-0.2795943319797516],[0.6597904562950134]
[-0.28639549016952515],[0.6788424849510193]
[-0.28029289841651917],[0.6615875363349915]
[-0.28018060326576233],[0.6622097492218018]
[-0.2822297513484955],[0.668350875377655]
[-0.28173282742500305],[0.666319727897644]
[-0.2807973325252533],[0.6641263365745544]
[-0.27852943539619446],[0.6564552187919617]
[-0.28249087929725647],[0.6668673753738403]
[-0.27791935205459595],[0.6538970470428467]
[-0.2848506271839142],[0.6746050715446472]
[-0.2848615050315857],[0.6747417449951172]
[-0.27770355343818665],[0.6545311808586121]
[-0.27773067355155945],[0.6532648205757141]
[-0.2817959487438202],[0.6660270690917969]
[-0.27743861079216003],[0.6548418402671814]
[-0.2776969373226166],[0.6557638645172119]
[-0.28559041023254395],[0.6782112717628479]
[-0.2790983021259308],[0.6603224277496338]
[-0.2772986888885498],[0.6534312963485718]
[-0.2872375547885895],[0.6815361380577087]
[-0.27803778648376465],[0.6564901471138]
[-0.28560972213745117],[0.6773791909217834]
[-0.2843084931373596],[0.6745767593383789]
[-0.2810005843639374],[0.6636089086532593]
[-0.28052523732185364],[0.6621879935264587]
[-0.2802426218986511],[0.6625342965126038]
[-0.27889254689216614],[0.6596420407295227]
[-0.27909305691719055],[0.6612467169761658]
[-0.2774601876735687],[0.6553723812103271]
[-0.2849165201187134],[0.676923930644989]
[-0.27749449014663696],[0.6545121669769287]
[-0.28065037727355957],[0.6645462512969971]
[-0.28069019317626953],[0.6650679707527161]
[-0.2771105170249939],[0.6540085673332214]
[-0.27597084641456604],[0.6508159637451172]
[-0.2831999957561493],[0.6740909218788147]
[-0.2778957188129425],[0.6563320755958557]
[-0.28404396772384644],[0.6737399697303772]
[-0.275178462266922],[0.6500990986824036]
[-0.27705106139183044],[0.6553330421447754]
[-0.2841542661190033],[0.674301028251648]
[-0.2766897976398468],[0.654080867767334]
[-0.2814652621746063],[0.6675524115562439]
[-0.2844662368297577],[0.6782704591751099]
[-0.27873310446739197],[0.6614894270896912]
[-0.286067396402359],[0.6812736392021179]
[-0.2822875678539276],[0.6710224747657776]
[-0.2747766077518463],[0.649929940700531]
[-0.28489184379577637],[0.6809712052345276]
[-0.28093621134757996],[0.6679028868675232]
[-0.28283923864364624],[0.676202118396759]
[-0.27543768286705017],[0.6529228091239929]
[-0.2749793529510498],[0.650249719619751]
[-0.28234291076660156],[0.6716307401657104]
[-0.28535136580467224],[0.6806777715682983]
[-0.28206461668014526],[0.6708448529243469]
[-0.2844361960887909],[0.6794363856315613]
[-0.27519214153289795],[0.6505299210548401]
[-0.2776671350002289],[0.6584928035736084]
[-0.2775922417640686],[0.6601654291152954]
[-0.27609187364578247],[0.6561090350151062]
[-0.27622556686401367],[0.6557022929191589]
[-0.28106969594955444],[0.6691150069236755]
[-0.27616631984710693],[0.6568770408630371]
[-0.28164252638816833],[0.6735168099403381]
[-0.2740245461463928],[0.6504313349723816]
[-0.27970263361930847],[0.665495753288269]
[-0.28045594692230225],[0.6682141423225403]
[-0.2782346308231354],[0.6636154055595398]
[-0.27548453211784363],[0.6532995104789734]
[-0.28190547227859497],[0.6749432682991028]
[-0.28280553221702576],[0.676204264163971]
[-0.276480495929718],[0.6584720015525818]
[-0.27809593081474304],[0.662317156791687]
[-0.2830246090888977],[0.6764447689056396]
[-0.27936235070228577],[0.6666988134384155]
[-0.27992039918899536],[0.6669979095458984]
[-0.27724939584732056],[0.661323070526123]
[-0.2772170901298523],[0.65936279296875]
[-0.2781568467617035],[0.6635345816612244]
[-0.2731435000896454],[0.6494330167770386]
[-0.2735501825809479],[0.6501227617263794]
[-0.28213444352149963],[0.6762025356292725]
[-0.2784368395805359],[0.665865957736969]
[-0.27840590476989746],[0.6662008762359619]
[-0.2791028320789337],[0.6656168103218079]
[-0.274911493062973],[0.6539722084999084]
[-0.28145429491996765],[0.6722369194030762]
[-0.27947843074798584],[0.6671376824378967]
[-0.28147560358047485],[0.6740099191665649]
[-0.27379730343818665],[0.652741014957428]
[-0.27871590852737427],[0.6660664081573486]
[-0.276324599981308],[0.6595214605331421]
[-0.2739783823490143],[0.6534355878829956]
[-0.2743951976299286],[0.654855489730835]
[-0.27463850378990173],[0.65497225522995]
[-0.2781221270561218],[0.6655329465866089]
[-0.2805764079093933],[0.6720966696739197]
[-0.2790132462978363],[0.666959285736084]
[-0.2799316644668579],[0.6716294288635254]
[-0.27328935265541077],[0.6511558890342712]
[-0.2767111361026764],[0.6606100797653198]
[-0.28087934851646423],[0.6732800006866455]
[-0.2791605591773987],[0.6685137152671814]
[-0.2769363224506378],[0.6645150184631348]
[-0.27685216069221497],[0.6623720526695251]
[-0.28162169456481934],[0.6770957112312317]
[-0.27136000990867615],[0.6486126184463501]
[-0.27300259470939636],[0.6549559831619263]
[-0.2735115885734558],[0.6545684933662415]
[-0.2797890305519104],[0.671940267086029]
[-0.2775404155254364],[0.6663291454315186]
[-0.2754096984863281],[0.6599319577217102]
[-0.2730521559715271],[0.6524169445037842]
[-0.2739250957965851],[0.656534731388092]
[-0.27044570446014404],[0.6469240784645081]
[-0.2732250392436981],[0.6550718545913696]
[-0.27395305037498474],[0.6564696431159973]
[-0.27288541197776794],[0.653833270072937]
[-0.27446937561035156],[0.6578442454338074]
[-0.2761406898498535],[0.6625171899795532]
[-0.27207839488983154],[0.6512690782546997]
[-0.2746361792087555],[0.6607576608657837]
[-0.2777462899684906],[0.6676063537597656]
[-0.28063952922821045],[0.6762904524803162]
[-0.27514898777008057],[0.6615369319915771]
[-0.27507835626602173],[0.6612066030502319]
[-0.2721397280693054],[0.6535477638244629]
[-0.28018391132354736],[0.676606297492981]
[-0.27682292461395264],[0.666956901550293]
[-0.279761403799057],[0.6758366823196411]
[-0.27683401107788086],[0.667925238609314]
[-0.27089545130729675],[0.6504188179969788]
[-0.27000492811203003],[0.6483484506607056]
[-0.27791228890419006],[0.6715682148933411]
[-0.27325576543807983],[0.6577954888343811]
[-0.269936740398407],[0.6489530801773071]
[-0.26993727684020996],[0.6489851474761963]
[-0.2784262001514435],[0.6736924648284912]
[-0.2767508029937744],[0.6689929962158203]
[-0.2700616717338562],[0.649941623210907]
[-0.27426090836524963],[0.6623374819755554]
[-0.2705710232257843],[0.6501988768577576]
[-0.27140143513679504],[0.6530994772911072]
[-0.2713322043418884],[0.654534637928009]
[-0.2727334499359131],[0.6581990718841553]
[-0.2728789448738098],[0.6591010093688965]
[-0.2785212993621826],[0.6747731566429138]
[-0.2700866758823395],[0.650890588760376]
[-0.2699749767780304],[0.6518966555595398]
[-0.2744946777820587],[0.6641845107078552]
[-0.26985445618629456],[0.6528477072715759]
[-0.2765660285949707],[0.6716138124465942]
[-0.2749108076095581],[0.6664564609527588]
[-0.2781310975551605],[0.6750617027282715]
[-0.26879361271858215],[0.6481785178184509]
[-0.2750610411167145],[0.6647440195083618]
[-0.27405640482902527],[0.6607955694198608]
[-0.27610546350479126],[0.6663297414779663]
[-0.2737915813922882],[0.6592150926589966]
[-0.2716624438762665],[0.6531793475151062]
[-0.271878182888031],[0.6547489762306213]
[-0.2732633650302887],[0.6583642363548279]
[-0.26958462595939636],[0.6483661532402039]
[-0.27041223645210266],[0.6514450907707214]
[-0.2774350643157959],[0.6715533137321472]
[-0.2733404040336609],[0.6608237028121948]
[-0.2757358253002167],[0.6660856008529663]
[-0.2773731052875519],[0.6723586916923523]
[-0.2681347727775574],[0.6472803354263306]
[-0.2771363854408264],[0.67239910364151]
[-0.27166131138801575],[0.6575960516929626]
[-0.26778000593185425],[0.6473444700241089]
[-0.27601855993270874],[0.6707684993743896]
[-0.2710736393928528],[0.6567830443382263]
[-0.267164945602417],[0.645789623260498]
[-0.2677167057991028],[0.6470271348953247]
[-0.27116090059280396],[0.6563848257064819]
[-0.270102322101593],[0.6545494198799133]
[-0.27450940012931824],[0.6664161682128906]
[-0.26664140820503235],[0.6448287963867188]
[-0.2695780396461487],[0.6534686088562012]
[-0.2757839560508728],[0.6699323058128357]
[-0.27501893043518066],[0.6681156754493713]
[-0.27523764967918396],[0.6699685454368591]
[-0.2721346914768219],[0.6607305407524109]
[-0.27480751276016235],[0.6677656769752502]
[-0.2703650891780853],[0.6545513868331909]
[-0.273392915725708],[0.6624530553817749]
[-0.27106863260269165],[0.657436728477478]
[-0.27527502179145813],[0.6696782112121582]
[-0.26705870032310486],[0.6464561223983765]
[-0.27528151869773865],[0.6697213053703308]
[-0.26970937848091125],[0.6537792086601257]
[-0.2711814343929291],[0.6584266424179077]
[-0.27407386898994446],[0.6666768789291382]
[-0.27659791707992554],[0.6739044785499573]
[-0.2669093906879425],[0.6469948887825012]
[-0.2751026749610901],[0.6708040833473206]
[-0.2707308232784271],[0.6571584939956665]
[-0.2705129384994507],[0.6579005718231201]
[-0.273948073387146],[0.6684240698814392]
[-0.27353519201278687],[0.666054368019104]
[-0.2715093493461609],[0.66141277551651]
[-0.2749588191509247],[0.67085200548172]
[-0.2720332443714142],[0.6630904078483582]
[-0.2652537226676941],[0.6439341902732849]
[-0.27351295948028564],[0.6668912172317505]
[-0.269686758518219],[0.6567675471305847]
[-0.2745532989501953],[0.6698121428489685]
[-0.26731735467910767],[0.6507118940353394]
[-0.27281686663627625],[0.6657969951629639]
[-0.26942336559295654],[0.6552191376686096]
[-0.2727810740470886],[0.6646896004676819]
[-0.2728468179702759],[0.6657638549804688]
[-0.26902225613594055],[0.655772864818573]
[-0.2700149416923523],[0.6593884229660034]
[-0.2724836468696594],[0.6659052968025208]
[-0.2689274549484253],[0.6567656397819519]
[-0.2701953947544098],[0.6606444716453552]
[-0.272422194480896],[0.6661920547485352]
[-0.27491068840026855],[0.6726363897323608]
[-0.26501789689064026],[0.6444461941719055]
[-0.2738315463066101],[0.6703507900238037]
[-0.26507318019866943],[0.6455342769622803]
[-0.26976069808006287],[0.6598083972930908]
[-0.269468754529953],[0.6592254638671875]
[-0.26821044087409973],[0.6562111377716064]
[-0.2734159529209137],[0.6712457537651062]
[-0.27316567301750183],[0.6702530384063721]
[-0.27316227555274963],[0.6703588366508484]
[-0.271695613861084],[0.6666498184204102]
[-0.2737569212913513],[0.6720552444458008]
[-0.2708573639392853],[0.6643567085266113]
[-0.2722129225730896],[0.6685863137245178]
[-0.26847171783447266],[0.6573712825775146]
[-0.26579761505126953],[0.6499382853507996]
[-0.2703133523464203],[0.6647535562515259]
[-0.27022671699523926],[0.662532389163971]
[-0.27336791157722473],[0.6724738478660583]
[-0.27022796869277954],[0.6631413102149963]
[-0.26450660824775696],[0.6468573808670044]
[-0.26480191946029663],[0.6474735140800476]
[-0.2633685767650604],[0.6445337533950806]
[-0.26783785223960876],[0.6556596159934998]
[-0.2675163447856903],[0.6559221744537354]
[-0.2651035487651825],[0.6492568850517273]
[-0.2666838765144348],[0.6526525020599365]
[-0.26484838128089905],[0.647795557975769]
[-0.2658318877220154],[0.6513475179672241]
[-0.26695647835731506],[0.6549369096755981]
[-0.26971521973609924],[0.6625201106071472]
[-0.26950323581695557],[0.6620769500732422]
[-0.2666100263595581],[0.6534274816513062]
[-0.26986071467399597],[0.6631096601486206]
[-0.266852468252182],[0.656045138835907]
[-0.2716960906982422],[0.6697145104408264]
[-0.2678368091583252],[0.6584987640380859]
[-0.26727545261383057],[0.6566903591156006]
[-0.26333537697792053],[0.6461148262023926]
[-0.2642773687839508],[0.6480488777160645]
[-0.26687315106391907],[0.6554189920425415]
[-0.26730987429618835],[0.6564041376113892]
[-0.2684536874294281],[0.6599298715591431]
[-0.2705485224723816],[0.6655147075653076]
[-0.26575571298599243],[0.6520892977714539]
[-0.2701517641544342],[0.6644408106803894]
[-0.26817288994789124],[0.6593134999275208]
[-0.2623247802257538],[0.6435304284095764]
[-0.2688243091106415],[0.6621957421302795]
[-0.2712700664997101],[0.6695724725723267]
[-0.2626997232437134],[0.6455854773521423]
[-0.2641263008117676],[0.648908793926239]
[-0.27251389622688293],[0.6730934381484985]
[-0.26355642080307007],[0.647333562374115]
[-0.272181898355484],[0.6720048189163208]
[-0.2647152245044708],[0.6514753699302673]
[-0.2721385359764099],[0.672562837600708]
[-0.2652832269668579],[0.6532660722732544]
[-0.26946523785591125],[0.6659859418869019]
[-0.2674999237060547],[0.6595491766929626]
[-0.27208563685417175],[0.6728537082672119]
[-0.2667585015296936],[0.6582029461860657]
[-0.2660691440105438],[0.6569908857345581]
[-0.26208698749542236],[0.6459535360336304]
[-0.2621394693851471],[0.6458433270454407]
[-0.2619447112083435],[0.6456699967384338]
[-0.2671731114387512],[0.660621166229248]
[-0.2665661871433258],[0.659723162651062]
[-0.26101845502853394],[0.6442431807518005]
[-0.26223045587539673],[0.6481764912605286]
[-0.2610148787498474],[0.6459471583366394]
[-0.26382437348365784],[0.6550006866455078]
[-0.260530948638916],[0.645372211933136]
[-0.26768118143081665],[0.6655933856964111]
[-0.2653060257434845],[0.658731997013092]
[-0.2702670693397522],[0.6723282337188721]
[-0.26304978132247925],[0.6525974273681641]
[-0.27011701464653015],[0.6716182231903076]
[-0.2693271338939667],[0.6697061061859131]
[-0.26331403851509094],[0.6526256203651428]
[-0.26342880725860596],[0.6533008813858032]
[-0.2660125195980072],[0.660487174987793]
[-0.2690630555152893],[0.6687451004981995]
[-0.26729056239128113],[0.6647160649299622]
[-0.26231324672698975],[0.650693416595459]
[-0.2661815583705902],[0.6621236205101013]
[-0.26702865958213806],[0.6640501618385315]
[-0.267952024936676],[0.6680057644844055]
[-0.2613276243209839],[0.6493529081344604]
[-0.2702234089374542],[0.6738577485084534]
[-0.26061561703681946],[0.6470335125923157]
[-0.2649361193180084],[0.6578794717788696]
[-0.26856791973114014],[0.6684766411781311]
[-0.26324886083602905],[0.6537027359008789]
[-0.26095783710479736],[0.6480498909950256]
[-0.27002546191215515],[0.6731048822402954]
[-0.26056724786758423],[0.6472529768943787]
[-0.2702673375606537],[0.674566924571991]
[-0.2692807614803314],[0.6716811656951904]
[-0.26666346192359924],[0.6651343703269958]
[-0.2649582624435425],[0.6601436734199524]
[-0.25955960154533386],[0.6437587141990662]
[-0.2650909125804901],[0.6598650813102722]
[-0.26559287309646606],[0.6619934439659119]
[-0.2641948461532593],[0.658519446849823]
[-0.25911951065063477],[0.6433153748512268]
[-0.26430314779281616],[0.6579066514968872]
[-0.26252588629722595],[0.6528115272521973]
[-0.2694277763366699],[0.6721688508987427]
[-0.26098012924194336],[0.6491835117340088]
[-0.26752036809921265],[0.6673263311386108]
[-0.2666119933128357],[0.6651117205619812]
[-0.26000237464904785],[0.6461524963378906]
[-0.2629459500312805],[0.6540862321853638]
[-0.25975722074508667],[0.6451787948608398]
[-0.2623337507247925],[0.6527317762374878]
[-0.2598419189453125],[0.6452282667160034]
[-0.2616308033466339],[0.6503273248672485]
[-0.2670549154281616],[0.6660382747650146]
[-0.25966572761535645],[0.6450242400169373]
[-0.26346030831336975],[0.6555978655815125]
[-0.2661706209182739],[0.6628262400627136]
[-0.259614497423172],[0.6453320980072021]
[-0.2658267915248871],[0.6617094278335571]
[-0.2675463855266571],[0.6669965982437134]
[-0.2648209035396576],[0.6592642068862915]
[-0.25965040922164917],[0.6452096700668335]
[-0.2608407139778137],[0.6485069394111633]
[-0.26570361852645874],[0.6620328426361084]
[-0.263069212436676],[0.6542573571205139]
[-0.2688691020011902],[0.6708037257194519]
[-0.26110658049583435],[0.6491749882698059]
[-0.2609611451625824],[0.6488792300224304]
[-0.26468804478645325],[0.6587761640548706]
[-0.2619892358779907],[0.6520712971687317]
[-0.2671665847301483],[0.6662129163742065]
[-0.2665526568889618],[0.6655344367027283]
[-0.2676669657230377],[0.6684458255767822]
[-0.26835504174232483],[0.6695119142532349]
[-0.26595166325569153],[0.6638867855072021]
[-0.26829370856285095],[0.6701815128326416]
[-0.26413214206695557],[0.6586892604827881]
[-0.26057595014572144],[0.6485490202903748]
[-0.2605663239955902],[0.6486883759498596]
[-0.2663622498512268],[0.6653590202331543]
[-0.2592313885688782],[0.6449785232543945]
[-0.2632687985897064],[0.6557732820510864]
[-0.25907212495803833],[0.6442357897758484]
[-0.2680564224720001],[0.6694105267524719]
[-0.26113182306289673],[0.6500905752182007]
[-0.264552503824234],[0.6598838567733765]
[-0.2674896717071533],[0.6661958694458008]
[-0.26657554507255554],[0.6627001166343689]
[-0.2647540271282196],[0.6562482714653015]
[-0.263281911611557],[0.6532408595085144]
[-0.2643120288848877],[0.6569116115570068]
[-0.26661500334739685],[0.6647979021072388]
[-0.26709064841270447],[0.6675801873207092]
[-0.2591746151447296],[0.6452531218528748]
[-0.2679448425769806],[0.6707902550697327]
[-0.2649127244949341],[0.662497341632843]
[-0.2654617428779602],[0.6649237871170044]
[-0.2682933509349823],[0.6730718612670898]
[-0.2636333405971527],[0.6601162552833557]
[-0.2619260847568512],[0.6555525064468384]
[-0.26806044578552246],[0.6726710200309753]
[-0.2663784325122833],[0.6675695776939392]
[-0.25986215472221375],[0.6492169499397278]
[-0.26711878180503845],[0.6694870591163635]
[-0.2683175802230835],[0.6740687489509583]
[-0.2637263536453247],[0.6616789698600769]
[-0.2616093158721924],[0.6554837226867676]
[-0.2660672068595886],[0.6681436896324158]
[-0.26438838243484497],[0.6629084348678589]
[-0.25917619466781616],[0.6472094058990479]
[-0.26382383704185486],[0.6608456969261169]
[-0.2644633650779724],[0.6626870632171631]
[-0.2687511742115021],[0.6741772890090942]
[-0.2678700089454651],[0.67168790102005]
[-0.259358674287796],[0.6485565304756165]
[-0.2612026333808899],[0.6534943580627441]
[-0.2641229033470154],[0.6625393629074097]
[-0.2625773251056671],[0.6574832797050476]
[-0.2641828656196594],[0.6625236868858337]
[-0.25969353318214417],[0.6505135297775269]
[-0.2670076787471771],[0.6704078912734985]
[-0.262532502412796],[0.6579286456108093]
[-0.258963406085968],[0.6482561230659485]
[-0.26257553696632385],[0.6591281890869141]
[-0.26503875851631165],[0.6654171943664551]
[-0.2585364580154419],[0.6469006538391113]
[-0.26674118638038635],[0.6701347231864929]
[-0.26508191227912903],[0.6648793816566467]
[-0.2646329998970032],[0.6639569401741028]
[-0.25778093934059143],[0.6452471613883972]
[-0.2667829692363739],[0.6700750589370728]
[-0.264413982629776],[0.6630192399024963]
[-0.2578997313976288],[0.6444255709648132]
[-0.25766435265541077],[0.6447084546089172]
[-0.2678371071815491],[0.6730508804321289]
[-0.2582149803638458],[0.6463236212730408]
[-0.2667236030101776],[0.670731782913208]
[-0.2597154676914215],[0.6501730680465698]
[-0.25874853134155273],[0.6477193832397461]
[-0.26635488867759705],[0.6687862873077393]
[-0.2668508291244507],[0.6706563234329224]
[-0.26562240719795227],[0.6666097640991211]
[-0.26322755217552185],[0.6599813103675842]
[-0.26494595408439636],[0.6652094125747681]
[-0.26610007882118225],[0.668633759021759]
[-0.257938414812088],[0.6463755965232849]
[-0.25955820083618164],[0.6510589718818665]
[-0.26077136397361755],[0.6547843813896179]
[-0.25807222723960876],[0.6467337608337402]
[-0.2632470726966858],[0.6617810726165771]
[-0.26552683115005493],[0.6678441166877747]
[-0.2669447064399719],[0.672333300113678]
[-0.2575797438621521],[0.6453325748443604]
[-0.25723743438720703],[0.6445054411888123]
[-0.26107534766197205],[0.6556364893913269]
[-0.2597425580024719],[0.6516571640968323]
[-0.2655726373195648],[0.6683488488197327]
[-0.2626267373561859],[0.6605469584465027]
[-0.2579609453678131],[0.647426962852478]
[-0.2624228298664093],[0.65997314453125]
[-0.2617114782333374],[0.6577334403991699]
[-0.25946441292762756],[0.651156485080719]
[-0.26658880710601807],[0.6706700921058655]
[-0.2615430951118469],[0.6563757061958313]
[-0.2662528455257416],[0.6697950959205627]
[-0.2578292191028595],[0.6450071334838867]
[-0.26560643315315247],[0.6665276288986206]
[-0.2601000964641571],[0.6500580310821533]
[-0.259680837392807],[0.6482812166213989]
[-0.2666175663471222],[0.6676079630851746]
[-0.2645942270755768],[0.6624581217765808]
[-0.26258179545402527],[0.6564157605171204]
[-0.26477473974227905],[0.6624899506568909]
[-0.258627712726593],[0.6448105573654175]
[-0.2648182809352875],[0.6619641184806824]
[-0.2604389786720276],[0.6496480107307434]
[-0.26144102215766907],[0.6528235673904419]
[-0.26273295283317566],[0.6569378972053528]
[-0.2590474486351013],[0.6462929844856262]
[-0.262716144323349],[0.6571349501609802]
[-0.2672538161277771],[0.6702066659927368]
[-0.26284167170524597],[0.6576701402664185]
[-0.267497718334198],[0.670564591884613]
[-0.26599425077438354],[0.6666797399520874]
[-0.2653214931488037],[0.6646490693092346]
[-0.2600184381008148],[0.6491996645927429]
[-0.2671641707420349],[0.6695329546928406]
[-0.26302167773246765],[0.6579124331474304]
[-0.2652208209037781],[0.663712739944458]
[-0.2638835310935974],[0.6605979800224304]
[-0.2601351737976074],[0.6498774290084839]
[-0.2605820894241333],[0.6509335041046143]
[-0.26504915952682495],[0.6634446978569031]
[-0.26372793316841125],[0.6594553589820862]
[-0.25795161724090576],[0.6439850330352783]
[-0.2657972276210785],[0.6660984754562378]
[-0.2640540599822998],[0.6608846783638]
[-0.26307323575019836],[0.6572305560112]
[-0.2600959241390228],[0.6487331390380859]
[-0.2575076222419739],[0.642686665058136]
[-0.26326802372932434],[0.6589362025260925]
[-0.25803226232528687],[0.6445722579956055]
[-0.2621704339981079],[0.656304121017456]
[-0.2605553865432739],[0.6526780128479004]
[-0.2583903968334198],[0.6475976705551147]
[-0.2612372934818268],[0.6552051305770874]
[-0.26555272936820984],[0.6673029065132141]
[-0.25976449251174927],[0.6519784331321716]
[-0.26235952973365784],[0.6585865020751953]
[-0.2649335265159607],[0.6660243272781372]
[-0.25988978147506714],[0.6523545980453491]
[-0.25812047719955444],[0.6472688913345337]
[-0.2582358717918396],[0.6476375460624695]
[-0.26127052307128906],[0.6556558609008789]
[-0.2594538927078247],[0.6499752998352051]
[-0.26544007658958435],[0.6671363115310669]
[-0.25720375776290894],[0.6443844437599182]
[-0.25924068689346313],[0.6505675911903381]
[-0.25634461641311646],[0.6425474286079407]
[-0.26057183742523193],[0.6545230150222778]
[-0.26127558946609497],[0.6560817956924438]
[-0.2591712176799774],[0.650164008140564]
[-0.26076245307922363],[0.6545504927635193]
[-0.25652363896369934],[0.6427722573280334]
[-0.26283982396125793],[0.6606931686401367]
[-0.2658068537712097],[0.6691123247146606]
[-0.2635139226913452],[0.6621398329734802]
[-0.2590588927268982],[0.650072455406189]
[-0.2643432915210724],[0.664225697517395]
[-0.2642483115196228],[0.664606511592865]
[-0.25726962089538574],[0.6450750827789307]
[-0.2569916248321533],[0.6442691087722778]
[-0.26101332902908325],[0.6560623645782471]
[-0.2566066086292267],[0.6440047025680542]
[-0.2595319151878357],[0.6512797474861145]
[-0.2579953670501709],[0.6471735239028931]
[-0.26411569118499756],[0.6648438572883606]
[-0.2619818449020386],[0.6584625244140625]
[-0.26067978143692017],[0.6548234224319458]
[-0.2641906142234802],[0.6651672720909119]
[-0.260410338640213],[0.6551304459571838]
[-0.2642193138599396],[0.6652212738990784]
[-0.2633053660392761],[0.6634407043457031]
[-0.26184365153312683],[0.6597377061843872]
[-0.25712206959724426],[0.6462942361831665]
[-0.2582181990146637],[0.6491186618804932]
[-0.26396021246910095],[0.6652406454086304]
[-0.25611910223960876],[0.6432932615280151]
[-0.2577192485332489],[0.6479600071907043]
[-0.2574795186519623],[0.6473942399024963]
[-0.2595885992050171],[0.6525299549102783]
[-0.2618674039840698],[0.6593411564826965]
[-0.26607784628868103],[0.6713050603866577]
[-0.2665512263774872],[0.6722751259803772]
[-0.2573414742946625],[0.6461568474769592]
[-0.2571740746498108],[0.6453717947006226]
[-0.2636869549751282],[0.6642459630966187]
[-0.2600821256637573],[0.6538357138633728]
[-0.25883424282073975],[0.6503157615661621]
[-0.2622621953487396],[0.6600326299667358]
[-0.25719913840293884],[0.6457402110099792]
[-0.2605818510055542],[0.6555010080337524]
[-0.25717711448669434],[0.6462256908416748]
[-0.2603132426738739],[0.6551506519317627]
[-0.2606503367424011],[0.656154453754425]
[-0.2585528492927551],[0.6507701277732849]
[-0.2599113881587982],[0.6539016962051392]
[-0.25994208455085754],[0.6540650725364685]
[-0.2555927336215973],[0.6426137685775757]
[-0.2644217014312744],[0.6666317582130432]
[-0.26231205463409424],[0.660801887512207]
[-0.2660544812679291],[0.6716136336326599]
[-0.2642102539539337],[0.6657326221466064]
[-0.25607332587242126],[0.6431739330291748]
[-0.26189184188842773],[0.659646213054657]
[-0.2623419463634491],[0.6611095070838928]
[-0.2587413191795349],[0.6517888307571411]
[-0.26592910289764404],[0.6720231175422668]
[-0.26224011182785034],[0.6619665622711182]
[-0.2573584020137787],[0.6491678357124329]
[-0.26035699248313904],[0.6576788425445557]
[-0.25525784492492676],[0.6431074738502502]
[-0.2658933103084564],[0.6721199154853821]
[-0.2608587443828583],[0.6574525237083435]
[-0.25807130336761475],[0.650052547454834]
[-0.2567184269428253],[0.6475054025650024]
[-0.25728839635849],[0.6490173935890198]
[-0.25625815987586975],[0.646848201751709]
[-0.2638401687145233],[0.6690056920051575]
[-0.2613723874092102],[0.6626637578010559]
[-0.2649143636226654],[0.6732363700866699]
[-0.26107633113861084],[0.6628778576850891]
[-0.2595664858818054],[0.658300518989563]
[-0.26175156235694885],[0.6645972728729248]
[-0.2602357268333435],[0.6602501273155212]
[-0.2564227283000946],[0.649863600730896]
[-0.25450804829597473],[0.644463837146759]
[-0.26263493299484253],[0.6674302220344543]
[-0.2623293101787567],[0.6666663289070129]
[-0.26518741250038147],[0.6749478578567505]
[-0.26455429196357727],[0.6726247668266296]
[-0.2650621235370636],[0.674424409866333]
[-0.26114389300346375],[0.663078248500824]
[-0.25957348942756653],[0.658417820930481]
[-0.2594721019268036],[0.6583225131034851]
[-0.2617611885070801],[0.664920449256897]
[-0.26407545804977417],[0.6709206700325012]
[-0.25690174102783203],[0.6508162021636963]
[-0.25613296031951904],[0.6491235494613647]
[-0.25508537888526917],[0.6459323167800903]
[-0.26104089617729187],[0.6627845168113708]
[-0.2644830346107483],[0.6724317073822021]
[-0.2601816952228546],[0.6599264144897461]
[-0.25984373688697815],[0.6590084433555603]
[-0.2643938958644867],[0.6719903945922852]
[-0.2635122537612915],[0.6697151064872742]
[-0.26510170102119446],[0.6750689148902893]
[-0.26036182045936584],[0.6616710424423218]
[-0.258893221616745],[0.6574088335037231]
[-0.2550199627876282],[0.6462628841400146]
[-0.26101037859916687],[0.6636025905609131]
[-0.2575255334377289],[0.653502881526947]
[-0.2552012801170349],[0.6471314430236816]
[-0.26023977994918823],[0.6615002155303955]
[-0.2561694085597992],[0.6497642993927002]
[-0.2605656385421753],[0.6619663238525391]
[-0.2649344503879547],[0.673872709274292]
[-0.26182621717453003],[0.6658403873443604]
[-0.25493520498275757],[0.6462430357933044]
[-0.260211318731308],[0.6607069969177246]
[-0.25741514563560486],[0.6530278921127319]
[-0.26103198528289795],[0.6630626320838928]
[-0.2649984657764435],[0.6740703582763672]
[-0.2575964331626892],[0.6533629298210144]
[-0.25731873512268066],[0.6523143649101257]
[-0.25494658946990967],[0.6454549431800842]
[-0.26462310552597046],[0.6730856895446777]
[-0.25902029871940613],[0.6571969985961914]
[-0.25907930731773376],[0.6573625802993774]
[-0.2551570236682892],[0.6462903022766113]
[-0.25942933559417725],[0.658790647983551]
[-0.2623494863510132],[0.6667619347572327]
[-0.25796476006507874],[0.6546834707260132]
[-0.2562556266784668],[0.6503012180328369]
[-0.25565001368522644],[0.6486424207687378]
[-0.2649340033531189],[0.6746306419372559]
[-0.2620806396007538],[0.6670650839805603]
[-0.258070707321167],[0.6560702323913574]
[-0.26114732027053833],[0.6649916172027588]
[-0.2645896077156067],[0.6743631362915039]
[-0.2579343318939209],[0.6553521156311035]
[-0.25814980268478394],[0.6554645299911499]
[-0.26341041922569275],[0.6701651811599731]
[-0.25690996646881104],[0.6518549919128418]
[-0.2565738558769226],[0.6505886316299438]
[-0.2626200020313263],[0.6672018766403198]
[-0.25462397933006287],[0.6449307799339294]
[-0.25650185346603394],[0.651084303855896]
[-0.2607135772705078],[0.6636799573898315]
[-0.260635644197464],[0.664360523223877]
[-0.26321178674697876],[0.6722597479820251]
[-0.2580508887767792],[0.6583063006401062]
[-0.2577162981033325],[0.6578344106674194]
[-0.25845175981521606],[0.660402238368988]
[-0.25791290402412415],[0.6597582697868347]
[-0.25518664717674255],[0.6518781185150146]
[-0.2619149684906006],[0.67140793800354]
[-0.2585669457912445],[0.6623035669326782]
[-0.25389745831489563],[0.64970463514328]
[-0.25847262144088745],[0.6627780199050903]
[-0.25400349497795105],[0.6503177881240845]
[-0.2629190683364868],[0.6752050518989563]
[-0.25895920395851135],[0.6638714075088501]
[-0.26036936044692993],[0.6677950620651245]
[-0.2526830732822418],[0.6455442309379578]
[-0.25734880566596985],[0.6585732698440552]
[-0.2552647888660431],[0.6529466509819031]
[-0.25573626160621643],[0.6543141603469849]
[-0.25536155700683594],[0.6532444953918457]
[-0.2617494463920593],[0.6707620620727539]
[-0.26026251912117004],[0.6662787795066833]
[-0.25573739409446716],[0.6532289385795593]
[-0.2594723105430603],[0.6634470224380493]
[-0.2599101960659027],[0.6644416451454163]
[-0.25350433588027954],[0.6469408869743347]
[-0.2552153170108795],[0.6515665650367737]
[-0.25962966680526733],[0.6639528870582581]
[-0.2567618787288666],[0.6557000875473022]
[-0.25537094473838806],[0.6519372463226318]
[-0.25633764266967773],[0.6549691557884216]
[-0.25754764676094055],[0.657787024974823]
[-0.2536216080188751],[0.6460839509963989]
[-0.25824055075645447],[0.6585096120834351]
[-0.2557596266269684],[0.6519668102264404]
[-0.2594144940376282],[0.6623895764350891]
[-0.25660425424575806],[0.6549220681190491]
[-0.2570219933986664],[0.6560450792312622]
[-0.2607479691505432],[0.6663256287574768]
[-0.2580859959125519],[0.6588299870491028]
[-0.2609749436378479],[0.66605144739151]
[-0.25449684262275696],[0.6472744941711426]
[-0.254795640707016],[0.6479479074478149]
[-0.2593175768852234],[0.6616600751876831]
[-0.26054778695106506],[0.6651943325996399]
[-0.257005512714386],[0.6555197834968567]
[-0.26301002502441406],[0.6727683544158936]
[-0.2606814503669739],[0.6660432815551758]
[-0.26043060421943665],[0.6652090549468994]
[-0.26198655366897583],[0.6694578528404236]
[-0.258261114358902],[0.6590517163276672]
[-0.25574761629104614],[0.6519798040390015]
[-0.2603011131286621],[0.664665937423706]
[-0.26016223430633545],[0.664177656173706]
[-0.26272350549697876],[0.6716418862342834]
[-0.2608380913734436],[0.6668121218681335]
[-0.25648975372314453],[0.6543776392936707]
[-0.2547055184841156],[0.6493026614189148]
[-0.2597753405570984],[0.6642604470252991]
[-0.2556489408016205],[0.6526098251342773]
[-0.2527943253517151],[0.6444085836410522]
[-0.2528728246688843],[0.6441246867179871]
[-0.25508788228034973],[0.6505340337753296]
[-0.262107253074646],[0.6705979704856873]
[-0.26221543550491333],[0.6702820658683777]
[-0.2570817470550537],[0.6557536721229553]
[-0.26044076681137085],[0.6643843054771423]
[-0.2601625919342041],[0.6630058288574219]
[-0.2530861496925354],[0.643725574016571]
[-0.26338937878608704],[0.6733940839767456]
[-0.26125070452690125],[0.6668592095375061]
[-0.2578667402267456],[0.6572100520133972]
[-0.25883474946022034],[0.6600016355514526]
[-0.2630210816860199],[0.6719608306884766]
[-0.259195476770401],[0.6613372564315796]
[-0.26106128096580505],[0.6665549278259277]
[-0.26201826333999634],[0.6688129305839539]
[-0.25638556480407715],[0.6535371541976929]
[-0.25872981548309326],[0.6600030064582825]
[-0.25973889231681824],[0.6626406908035278]
[-0.25346049666404724],[0.6447277069091797]
[-0.25565963983535767],[0.650539219379425]
[-0.25907576084136963],[0.6597257256507874]
[-0.2627847194671631],[0.6699020862579346]
[-0.2567984461784363],[0.6531926393508911]
[-0.25555679202079773],[0.6498568058013916]
[-0.26155388355255127],[0.6671023964881897]
[-0.2552556097507477],[0.6490047574043274]
[-0.25314128398895264],[0.6435677409172058]
[-0.25694188475608826],[0.6535286903381348]
[-0.2622867822647095],[0.6694492697715759]
[-0.26224932074546814],[0.6697062849998474]
[-0.2596181333065033],[0.6634249091148376]
[-0.2602572739124298],[0.6653545498847961]
[-0.2579962909221649],[0.6590317487716675]
[-0.2558933198451996],[0.6540564298629761]
[-0.2560180425643921],[0.6550683975219727]
[-0.2532728314399719],[0.6474162340164185]
[-0.2542526423931122],[0.6500623226165771]
[-0.25997915863990784],[0.6661593914031982]
[-0.2625628113746643],[0.6733341813087463]
[-0.2532050311565399],[0.6476618647575378]
[-0.2620977461338043],[0.6730111241340637]
[-0.25598832964897156],[0.6552168130874634]
[-0.25448665022850037],[0.6514840126037598]
[-0.25453832745552063],[0.6512741446495056]
[-0.2611657381057739],[0.6704701781272888]
[-0.2552943527698517],[0.6541389226913452]
[-0.2625257074832916],[0.6737304329872131]
[-0.26058050990104675],[0.6686112284660339]
[-0.25913313031196594],[0.6645023822784424]
[-0.25544509291648865],[0.6543788313865662]
[-0.25876539945602417],[0.6637893319129944]
[-0.26085165143013],[0.6699426770210266]
[-0.2583332657814026],[0.6630077958106995]
[-0.2596167027950287],[0.6671469807624817]
[-0.26127177476882935],[0.672130286693573]
[-0.26097163558006287],[0.671649158000946]
[-0.2545640170574188],[0.6542453169822693]
[-0.25847625732421875],[0.6656292080879211]
[-0.2586602568626404],[0.6662790775299072]
[-0.2595866918563843],[0.6686720252037048]
[-0.259695827960968],[0.66861891746521]
[-0.25521013140678406],[0.6560966968536377]
[-0.25679656863212585],[0.6604130268096924]
[-0.2579840421676636],[0.6636396646499634]
[-0.2609808146953583],[0.6722252368927002]
[-0.25263381004333496],[0.6485078930854797]
[-0.2555239796638489],[0.6562954187393188]
[-0.25822070240974426],[0.6640915870666504]
[-0.2623410224914551],[0.675386369228363]
[-0.2567161023616791],[0.6589195132255554]
[-0.2549496591091156],[0.6535874009132385]
[-0.2530948221683502],[0.6476630568504333]
[-0.2576846778392792],[0.6600886583328247]
[-0.2553841769695282],[0.6531617045402527]
[-0.25974351167678833],[0.6649562120437622]
[-0.2601623237133026],[0.6654853820800781]
[-0.262454092502594],[0.6714408993721008]
[-0.2580336332321167],[0.6583957076072693]
[-0.2563124895095825],[0.6531296968460083]
[-0.25577312707901],[0.6514695882797241]
[-0.25942957401275635],[0.6623332500457764]
[-0.2628553807735443],[0.6723604202270508]
[-0.26299524307250977],[0.6721420288085938]
[-0.2535381615161896],[0.6459385752677917]
[-0.2622549533843994],[0.670028030872345]
[-0.25526726245880127],[0.6501632332801819]
[-0.25796306133270264],[0.6578936576843262]
[-0.2577325105667114],[0.6574993133544922]
[-0.2587854564189911],[0.6613028049468994]
[-0.2592049837112427],[0.6623619794845581]
[-0.26120033860206604],[0.6683405637741089]
[-0.2531912922859192],[0.6458489298820496]
[-0.2540159523487091],[0.6487517952919006]
[-0.2620013654232025],[0.6705909371376038]
[-0.2578911781311035],[0.6594060063362122]
[-0.2626836597919464],[0.6724827885627747]
[-0.2533954381942749],[0.6462486386299133]
[-0.2624049782752991],[0.6713905334472656]
[-0.2547430396080017],[0.6500855088233948]
[-0.25624823570251465],[0.6547744870185852]
[-0.2575661242008209],[0.6593769192695618]
[-0.2581034302711487],[0.6611926555633545]
[-0.25243404507637024],[0.6446199417114258]
[-0.25235897302627563],[0.6437768936157227]
[-0.2522607445716858],[0.6425603032112122]
[-0.26227179169654846],[0.6713330745697021]
[-0.259327232837677],[0.6632511615753174]
[-0.2520865499973297],[0.6430792212486267]
[-0.2547132074832916],[0.650551438331604]
[-0.2583162784576416],[0.6609005928039551]
[-0.261523574590683],[0.6699827313423157]
[-0.2536965608596802],[0.6479551196098328]
[-0.2601023316383362],[0.6658799648284912]
[-0.2527545690536499],[0.6452491879463196]
[-0.26103198528289795],[0.6682543158531189]
[-0.2601267993450165],[0.6656837463378906]
[-0.25222182273864746],[0.6442022919654846]
[-0.25958338379859924],[0.6642269492149353]
[-0.2543315291404724],[0.6493832468986511]
[-0.2536013424396515],[0.647792637348175]
[-0.2520393133163452],[0.642959713935852]
[-0.2543426752090454],[0.6497983932495117]
[-0.257732093334198],[0.6589365601539612]
[-0.26230311393737793],[0.6714025735855103]
[-0.2555701732635498],[0.6528087854385376]
[-0.2522048354148865],[0.6434636116027832]
[-0.2547762989997864],[0.6504124402999878]
[-0.2571397125720978],[0.6570962071418762]
[-0.25759926438331604],[0.6586301326751709]
[-0.25731682777404785],[0.6576389670372009]
[-0.255367249250412],[0.6527801752090454]
[-0.2553187310695648],[0.6526147723197937]
[-0.25213247537612915],[0.6429430246353149]
[-0.2552322745323181],[0.6520456075668335]
[-0.2519947290420532],[0.6427859663963318]
[-0.2607574164867401],[0.6675763726234436]
[-0.2543871998786926],[0.6494375467300415]
[-0.2611261308193207],[0.6686394214630127]
[-0.2616126537322998],[0.6701657176017761]
[-0.2528914213180542],[0.6453335285186768]
[-0.25152045488357544],[0.6415382027626038]
[-0.2606675326824188],[0.6673530340194702]
[-0.257870078086853],[0.6589765548706055]
[-0.2556215226650238],[0.6532095670700073]
[-0.2526739835739136],[0.6444368958473206]
[-0.25917848944664],[0.6619423627853394]
[-0.25285184383392334],[0.6446208357810974]
[-0.2558535039424896],[0.6531064510345459]
[-0.253744512796402],[0.6476683616638184]
[-0.2596786916255951],[0.664842963218689]
[-0.25270792841911316],[0.6453633904457092]
[-0.2584141492843628],[0.6617043614387512]
[-0.25196322798728943],[0.6434667706489563]
[-0.26071426272392273],[0.668229877948761]
[-0.257016658782959],[0.6576287746429443]
[-0.25982362031936646],[0.6660827398300171]
[-0.2511548697948456],[0.6415924429893494]
[-0.2552596628665924],[0.6527830362319946]
[-0.2579762041568756],[0.660600483417511]
[-0.2605523467063904],[0.6674791574478149]
[-0.2555394768714905],[0.6536149978637695]
[-0.2565004527568817],[0.6566745638847351]
[-0.2611009478569031],[0.669681966304779]
[-0.25213319063186646],[0.6441089510917664]
[-0.25341323018074036],[0.6482003927230835]
[-0.25408029556274414],[0.6502566337585449]
[-0.2615591287612915],[0.6714770793914795]
[-0.2514801621437073],[0.6433386206626892]
[-0.2610875070095062],[0.6706885695457458]
[-0.25823691487312317],[0.6629824042320251]
[-0.25113797187805176],[0.6434783935546875]
[-0.2566383183002472],[0.6583898067474365]
[-0.25768518447875977],[0.6621490716934204]
[-0.2579454779624939],[0.6629197597503662]
[-0.2581859827041626],[0.663672149181366]
[-0.2578831911087036],[0.6631044745445251]
[-0.25508737564086914],[0.6548778414726257]
[-0.25872886180877686],[0.6653212308883667]
[-0.25109851360321045],[0.6434917449951172]
[-0.2545284628868103],[0.6530908942222595]
[-0.25228074193000793],[0.6464449763298035]
[-0.2615140974521637],[0.6724309921264648]
[-0.25665003061294556],[0.6592116355895996]
[-0.2538018226623535],[0.6509804129600525]
[-0.25101521611213684],[0.6430503129959106]
[-0.2568988800048828],[0.6597051620483398]
[-0.2527410387992859],[0.6479371786117554]
[-0.25519895553588867],[0.6546381711959839]
[-0.2617820203304291],[0.67323237657547]
[-0.25952619314193726],[0.6668838262557983]
[-0.2585875988006592],[0.6645322442054749]
[-0.2543024718761444],[0.652198076248169]
[-0.25919878482818604],[0.6661721467971802]
[-0.2560281455516815],[0.6577371954917908]
[-0.25886622071266174],[0.6656507849693298]
[-0.2612353265285492],[0.6723141670227051]
[-0.2590869963169098],[0.6666378974914551]
[-0.2575470805168152],[0.662373960018158]
[-0.2531498074531555],[0.6503857374191284]
[-0.25519976019859314],[0.6564006805419922]
[-0.2584958076477051],[0.6661520600318909]
[-0.25723427534103394],[0.6631321907043457]
[-0.2600267231464386],[0.6711872220039368]
[-0.2605390250682831],[0.6727731227874756]
[-0.2540968060493469],[0.6544350981712341]
[-0.25736358761787415],[0.6638042330741882]
[-0.25236400961875916],[0.6499301195144653]
[-0.25987139344215393],[0.6715311408042908]
[-0.259905606508255],[0.6710258722305298]
[-0.2562371492385864],[0.6612257361412048]
[-0.25113996863365173],[0.6471384167671204]
[-0.25681421160697937],[0.6639021039009094]
[-0.25130560994148254],[0.6483513116836548]
[-0.2585557997226715],[0.6689683794975281]
[-0.25789713859558105],[0.6672675013542175]
[-0.25023820996284485],[0.6457791328430176]
[-0.25429394841194153],[0.6575854420661926]
[-0.25387394428253174],[0.6565204858779907]
[-0.2597646415233612],[0.6731922626495361]
[-0.26035889983177185],[0.6750186681747437]
[-0.25470656156539917],[0.658586859703064]
[-0.257810115814209],[0.6671906113624573]
[-0.2538834512233734],[0.6560256481170654]
[-0.25948667526245117],[0.6719925403594971]
[-0.2540746033191681],[0.6570145487785339]
[-0.2504490911960602],[0.6465924978256226]
[-0.25900912284851074],[0.6711222529411316]
[-0.25563156604766846],[0.6617535352706909]
[-0.2507932186126709],[0.6487768292427063]
[-0.2572145164012909],[0.6671207547187805]
[-0.25256818532943726],[0.6548068523406982]
[-0.25176483392715454],[0.6527134776115417]
[-0.2583566904067993],[0.6717823147773743]
[-0.2586575150489807],[0.6723789572715759]
[-0.2555837333202362],[0.66404789686203]
[-0.2598535120487213],[0.6763179302215576]
[-0.2602108418941498],[0.6771109700202942]
[-0.2527177333831787],[0.6561592817306519]
[-0.2502513825893402],[0.6488879323005676]
[-0.25710853934288025],[0.6683859825134277]
[-0.2583412230014801],[0.6717666387557983]
[-0.2528211176395416],[0.6562362909317017]
[-0.2555212378501892],[0.6637781858444214]
[-0.2598680853843689],[0.6755805015563965]
[-0.25096407532691956],[0.6500476598739624]
[-0.25378936529159546],[0.6585096716880798]
[-0.25667324662208557],[0.6663305759429932]
[-0.25726237893104553],[0.6686593294143677]
[-0.2602859437465668],[0.6773746013641357]
[-0.2569290101528168],[0.6681819558143616]
[-0.2601143419742584],[0.6771759390830994]
[-0.2563064992427826],[0.6665553450584412]
[-0.2594405710697174],[0.6756865382194519]
[-0.25153955817222595],[0.6530271768569946]
[-0.2581447958946228],[0.6719860434532166]
[-0.25471335649490356],[0.6621417999267578]
[-0.25721174478530884],[0.6691052317619324]
[-0.2538142502307892],[0.6593243479728699]
[-0.25141075253486633],[0.6524606943130493]
[-0.25201961398124695],[0.6538757085800171]
[-0.24934832751750946],[0.6463637948036194]
[-0.25020965933799744],[0.6485733389854431]
[-0.255690336227417],[0.6639968156814575]
[-0.256350040435791],[0.6661984324455261]
[-0.25291910767555237],[0.6567399501800537]
[-0.2576390504837036],[0.6698812246322632]
[-0.2543102502822876],[0.6606248617172241]
[-0.25333619117736816],[0.6578669548034668]
[-0.25151297450065613],[0.6523983478546143]
[-0.2504676282405853],[0.6494990587234497]
[-0.256282776594162],[0.6655910611152649]
[-0.25438880920410156],[0.6605184674263]
[-0.251873642206192],[0.6531830430030823]
[-0.25968730449676514],[0.6749959588050842]
[-0.2580847144126892],[0.6704449653625488]
[-0.25597909092903137],[0.6641624569892883]
[-0.2574017345905304],[0.6682716608047485]
[-0.255637526512146],[0.6629684567451477]
[-0.253550261259079],[0.6567816138267517]
[-0.2508622705936432],[0.6491554379463196]
[-0.2526278495788574],[0.6542345881462097]
[-0.25926393270492554],[0.6729682087898254]
[-0.2592177391052246],[0.6727932691574097]
[-0.25890496373176575],[0.6719902157783508]
[-0.25828346610069275],[0.6700756549835205]
[-0.2508658170700073],[0.6485949754714966]
[-0.252445787191391],[0.6533864736557007]
[-0.25946131348609924],[0.6734153628349304]
[-0.2589014768600464],[0.6721928119659424]
[-0.25080031156539917],[0.6487979292869568]
[-0.25274157524108887],[0.6541846394538879]
[-0.2503068149089813],[0.647442638874054]
[-0.2519613802433014],[0.6525307297706604]
[-0.2560277283191681],[0.6637842059135437]
[-0.25200155377388],[0.6520717740058899]
[-0.25838345289230347],[0.6697478890419006]
[-0.25555670261383057],[0.6613799929618835]
[-0.2587052881717682],[0.670112133026123]
[-0.2603303790092468],[0.6746558547019958]
[-0.259938508272171],[0.6733550429344177]
[-0.25990304350852966],[0.6737750768661499]
[-0.25402402877807617],[0.6569814682006836]
[-0.2532917261123657],[0.6552557945251465]
[-0.25716742873191833],[0.6659436225891113]
[-0.253764271736145],[0.6560496091842651]
[-0.2526906728744507],[0.6523892879486084]
[-0.25636062026023865],[0.6628776788711548]
[-0.25831273198127747],[0.6680634021759033]
[-0.2585708796977997],[0.6683749556541443]
[-0.25147196650505066],[0.6473701596260071]
[-0.2577301263809204],[0.6651333570480347]
[-0.25576069951057434],[0.6596885919570923]
[-0.25782617926597595],[0.6654490232467651]
[-0.25859692692756653],[0.6679993271827698]
[-0.2505248486995697],[0.6449159979820251]
[-0.2526017427444458],[0.6507540941238403]
[-0.25922659039497375],[0.6702525615692139]
[-0.2504357099533081],[0.645228385925293]
[-0.2499130517244339],[0.6437800526618958]
[-0.25360700488090515],[0.6541224718093872]
[-0.25724732875823975],[0.6643543243408203]
[-0.25844070315361023],[0.6681985259056091]
[-0.2576807141304016],[0.6657142043113708]
[-0.256080687046051],[0.661312997341156]
[-0.2592761516571045],[0.6702778339385986]
[-0.2573908567428589],[0.6649726033210754]
[-0.25952646136283875],[0.6717451810836792]
[-0.2558034062385559],[0.6611375212669373]
[-0.2574840188026428],[0.6666299104690552]
[-0.2586249113082886],[0.6702585220336914]
[-0.25268474221229553],[0.6539298295974731]
[-0.25010499358177185],[0.6460343599319458]
[-0.24988041818141937],[0.6457735896110535]
[-0.25936251878738403],[0.6731073260307312]
[-0.2596162259578705],[0.6732295155525208]
[-0.25054284930229187],[0.6475836634635925]
[-0.25005894899368286],[0.6459150910377502]
[-0.25752726197242737],[0.6672399044036865]
[-0.2552962899208069],[0.6614566445350647]
[-0.2556535303592682],[0.6620686054229736]
[-0.2589757740497589],[0.6715075373649597]
[-0.2523830235004425],[0.6530315279960632]
[-0.25165754556655884],[0.650887131690979]
[-0.25360745191574097],[0.6563570499420166]
[-0.2560139000415802],[0.6633796691894531]
[-0.2553280293941498],[0.6613444089889526]
[-0.2534443736076355],[0.6558080911636353]
[-0.25434407591819763],[0.6582369804382324]
[-0.2573421895503998],[0.6671702861785889]
[-0.2557190954685211],[0.6632257103919983]
[-0.25653135776519775],[0.6656670570373535]
[-0.25184518098831177],[0.652363121509552]
[-0.2562513053417206],[0.6647506356239319]
[-0.25097522139549255],[0.6498380899429321]
[-0.25291794538497925],[0.6550099849700928]
[-0.2599482238292694],[0.674842894077301]
[-0.25124067068099976],[0.6500556468963623]
[-0.2514835000038147],[0.6506519317626953]
[-0.2534075975418091],[0.6564978361129761]
[-0.25510239601135254],[0.661342978477478]
[-0.2532900273799896],[0.6561193466186523]
[-0.2520812153816223],[0.65305095911026]
[-0.25551098585128784],[0.6627330780029297]
[-0.25766435265541077],[0.6689356565475464]
[-0.2527947425842285],[0.6551691889762878]
[-0.25287434458732605],[0.656053364276886]
[-0.2576543092727661],[0.6692590117454529]
[-0.2579987049102783],[0.6709319949150085]
[-0.2576235234737396],[0.6688505411148071]
[-0.2571415603160858],[0.6672037243843079]
[-0.25278592109680176],[0.6539509892463684]
[-0.2547512948513031],[0.6593193411827087]
[-0.2511061728000641],[0.6486529111862183]
[-0.2544129192829132],[0.6583133339881897]
[-0.2592315077781677],[0.6723432540893555]
[-0.2564924955368042],[0.6645177006721497]
[-0.24998584389686584],[0.6472072005271912]
[-0.25404036045074463],[0.6588382124900818]
[-0.2517082095146179],[0.6525731682777405]
[-0.2507893741130829],[0.6502295732498169]
[-0.2579994797706604],[0.6710041761398315]
[-0.2562272846698761],[0.6660257577896118]
[-0.25063997507095337],[0.6503424048423767]
[-0.2548123002052307],[0.6620186567306519]
[-0.2574201226234436],[0.6696864366531372]
[-0.2554888129234314],[0.6645106673240662]
[-0.25234314799308777],[0.6552931070327759]
[-0.25794094800949097],[0.6716353893280029]
[-0.25118234753608704],[0.652620255947113]
[-0.2543635368347168],[0.6614978909492493]
[-0.25744494795799255],[0.6709563136100769]
[-0.25822913646698],[0.6735276579856873]
[-0.25901755690574646],[0.6755463480949402]
[-0.25024858117103577],[0.6505573987960815]
[-0.258985310792923],[0.6761059165000916]
[-0.25812187790870667],[0.6731531023979187]
[-0.2531372606754303],[0.6593694686889648]
[-0.2521842122077942],[0.6563768982887268]
[-0.257514089345932],[0.6718773245811462]
[-0.25309988856315613],[0.6594263911247253]
[-0.24988359212875366],[0.6500665545463562]
[-0.2590126395225525],[0.6758928298950195]
[-0.25186216831207275],[0.6559929847717285]
[-0.24994653463363647],[0.6504849195480347]
[-0.2537878453731537],[0.6614210605621338]
[-0.2577957510948181],[0.6728715896606445]
[-0.2583249509334564],[0.6740499138832092]
[-0.24886322021484375],[0.6472849249839783]
[-0.2559657692909241],[0.6678075790405273]
[-0.2507743835449219],[0.6525483131408691]
[-0.25933271646499634],[0.6764634847640991]
[-0.2573052942752838],[0.6704854965209961]
[-0.2556968033313751],[0.6656298041343689]
[-0.2550826370716095],[0.6641855239868164]
[-0.2513115704059601],[0.6533529758453369]
[-0.252647340297699],[0.6570876836776733]
[-0.24953314661979675],[0.6479194164276123]
[-0.25125953555107117],[0.6533812284469604]
[-0.2564016878604889],[0.6684097051620483]
[-0.25269290804862976],[0.6581127643585205]
[-0.2488878220319748],[0.6476356387138367]
[-0.2533102333545685],[0.6601769924163818]
[-0.250418484210968],[0.6517763733863831]
[-0.2536064684391022],[0.6611398458480835]
[-0.24842502176761627],[0.6464390754699707]
[-0.25405094027519226],[0.6628867387771606]
[-0.25090351700782776],[0.6538282632827759]
[-0.25255921483039856],[0.6589645743370056]
[-0.25443166494369507],[0.664472758769989]
[-0.24845537543296814],[0.6470845341682434]
[-0.25324547290802],[0.6611477136611938]
[-0.2489161491394043],[0.6489704847335815]
[-0.25463181734085083],[0.6660096645355225]
[-0.25811150670051575],[0.675610363483429]
[-0.2571420967578888],[0.6734417080879211]
[-0.25076475739479065],[0.6556913256645203]
[-0.255271315574646],[0.6684542894363403]
[-0.25127726793289185],[0.656738817691803]
[-0.2549549341201782],[0.6676474213600159]
[-0.2511409819126129],[0.6565454006195068]
[-0.2573196291923523],[0.6739383935928345]
[-0.24898867309093475],[0.6511620879173279]
[-0.2560701370239258],[0.670806348323822]
[-0.2548951506614685],[0.6676934361457825]
[-0.2491949051618576],[0.651562511920929]
[-0.2582036852836609],[0.677822470664978]
[-0.2569501996040344],[0.6742038130760193]
[-0.25852784514427185],[0.6787099242210388]
[-0.2573969066143036],[0.6753041744232178]
[-0.25275856256484985],[0.661591112613678]
[-0.2545051574707031],[0.6665841341018677]
[-0.2542183995246887],[0.6654702425003052]
[-0.2554262578487396],[0.6689674854278564]
[-0.2568591833114624],[0.6728570461273193]
[-0.251726359128952],[0.6575141549110413]
[-0.2554410696029663],[0.6680623888969421]
[-0.24813586473464966],[0.646664559841156]
[-0.2556263506412506],[0.6681953072547913]
[-0.2565852999687195],[0.6714293956756592]
[-0.25207972526550293],[0.6585937142372131]
[-0.25316858291625977],[0.6616723537445068]
[-0.24857473373413086],[0.6488071084022522]
[-0.2519363760948181],[0.6588483452796936]
[-0.25642868876457214],[0.671658992767334]
[-0.2533867657184601],[0.6630734205245972]
[-0.25548192858695984],[0.6691320538520813]
[-0.2522880733013153],[0.6599066853523254]
[-0.25869837403297424],[0.6777230501174927]
[-0.2545360326766968],[0.6659908294677734]
[-0.25708627700805664],[0.6734388470649719]
[-0.25452592968940735],[0.6660798192024231]
[-0.2581779360771179],[0.6762643456459045]
[-0.24841438233852386],[0.6485705971717834]
[-0.25137093663215637],[0.656956136226654]
[-0.2481856495141983],[0.6478782892227173]
[-0.25263711810112],[0.6607161164283752]
[-0.25171899795532227],[0.6583592891693115]
[-0.254182368516922],[0.6652495861053467]
[-0.2533424198627472],[0.6629437804222107]
[-0.25713086128234863],[0.6736757159233093]
[-0.2513221502304077],[0.6574102640151978]
[-0.2556777596473694],[0.6699997186660767]
[-0.25361472368240356],[0.6642547845840454]
[-0.25204718112945557],[0.6599884033203125]
[-0.2511490285396576],[0.6569980382919312]
[-0.2576932907104492],[0.6759506464004517]
[-0.24932029843330383],[0.651617705821991]
[-0.2503930926322937],[0.6551891565322876]
[-0.2499682456254959],[0.6538795828819275]
[-0.2558053731918335],[0.6700218915939331]
[-0.25624319911003113],[0.6719715595245361]
[-0.2546737492084503],[0.6675108075141907]
[-0.2566679120063782],[0.6733641624450684]
[-0.2495209127664566],[0.6529584527015686]
[-0.25485220551490784],[0.6681169867515564]
[-0.2510462701320648],[0.6574510335922241]
[-0.24993132054805756],[0.6542991995811462]
[-0.2500937879085541],[0.6546562910079956]
[-0.24842242896556854],[0.6498409509658813]
[-0.2576844394207001],[0.6763765215873718]
[-0.24894186854362488],[0.6510611176490784]
[-0.24854566156864166],[0.6498270630836487]
[-0.2561967372894287],[0.671923041343689]
[-0.25726160407066345],[0.6747758388519287]
[-0.25257232785224915],[0.6615995168685913]
[-0.24944625794887543],[0.6526118516921997]
[-0.25194430351257324],[0.6596443057060242]
[-0.2542080283164978],[0.6662507653236389]
[-0.2533927261829376],[0.6635867953300476]
[-0.251594603061676],[0.6581842303276062]
[-0.2569648325443268],[0.6736325621604919]
[-0.253470778465271],[0.6634785532951355]
[-0.2523954510688782],[0.6597026586532593]
[-0.25414735078811646],[0.6646202206611633]
[-0.25337934494018555],[0.6624484658241272]
[-0.25067755579948425],[0.6543970704078674]
[-0.2555387020111084],[0.6685240864753723]
[-0.2558618485927582],[0.6697173118591309]
[-0.2568899095058441],[0.672349214553833]
[-0.25679251551628113],[0.6726596355438232]
[-0.24809779226779938],[0.6479468941688538]
[-0.2513781487941742],[0.6575844883918762]
[-0.2531501352787018],[0.6624531149864197]
[-0.2540367543697357],[0.6648048758506775]
[-0.254582017660141],[0.6662657856941223]
[-0.2489510476589203],[0.6502358317375183]
[-0.2564084529876709],[0.6716559529304504]
[-0.25014907121658325],[0.6535761952400208]
[-0.25106462836265564],[0.6563102602958679]
[-0.2583317160606384],[0.6772471070289612]
[-0.25768154859542847],[0.6752088069915771]
[-0.2496742606163025],[0.6522334218025208]
[-0.2584257125854492],[0.6770657300949097]
[-0.2577407956123352],[0.6753366589546204]
[-0.24809053540229797],[0.6473562717437744]
[-0.2507826089859009],[0.6548532247543335]
[-0.25383859872817993],[0.6640307307243347]
[-0.2496633380651474],[0.6519228219985962]
[-0.2558150589466095],[0.669372022151947]
[-0.25495266914367676],[0.6674496531486511]
[-0.25772666931152344],[0.6751353144645691]
[-0.2586984932422638],[0.6777694821357727]
[-0.2556779682636261],[0.6687799096107483]
[-0.25080567598342896],[0.6553401947021484]
[-0.25464075803756714],[0.6660536527633667]
[-0.2489134520292282],[0.6497864127159119]
[-0.24930943548679352],[0.6508850455284119]
[-0.24967439472675323],[0.6517159342765808]
[-0.25606393814086914],[0.6700073480606079]
[-0.25032851099967957],[0.6542081832885742]
[-0.24818037450313568],[0.6476839780807495]
[-0.25159794092178345],[0.6573281288146973]
[-0.24844175577163696],[0.6481977105140686]
[-0.2511426508426666],[0.6560529470443726]
[-0.2557544410228729],[0.6696726679801941]
[-0.25484955310821533],[0.6669614315032959]
[-0.25756871700286865],[0.6748615503311157]
[-0.2494419515132904],[0.6511971950531006]
[-0.25085699558258057],[0.6559078693389893]
[-0.25259652733802795],[0.6607992649078369]
[-0.24834145605564117],[0.6486032605171204]
[-0.24845260381698608],[0.6483545899391174]
[-0.25792258977890015],[0.6753804087638855]
[-0.2497761845588684],[0.6518567800521851]
[-0.2574569582939148],[0.6735429167747498]
[-0.24985073506832123],[0.6518193483352661]
[-0.25151821970939636],[0.6562210917472839]
[-0.25422123074531555],[0.6645175218582153]
[-0.24893689155578613],[0.649384081363678]
[-0.2565719783306122],[0.6718759536743164]
[-0.24975769221782684],[0.6528226733207703]
[-0.25377538800239563],[0.664385974407196]
[-0.2506135106086731],[0.6552330255508423]
[-0.2503201365470886],[0.6550232768058777]
[-0.2486279308795929],[0.6501225233078003]
[-0.24829541146755219],[0.6494529843330383]
[-0.2526123821735382],[0.6618837118148804]
[-0.25698256492614746],[0.6743849515914917]
[-0.25654515624046326],[0.6729977130889893]
[-0.2501026391983032],[0.6548015475273132]
[-0.2505739629268646],[0.6556276679039001]
[-0.25489944219589233],[0.6686455607414246]
[-0.2504209876060486],[0.6558713912963867]
[-0.2515978515148163],[0.6595838665962219]
[-0.2477293312549591],[0.6487349271774292]
[-0.2578149139881134],[0.6775103211402893]
[-0.24944883584976196],[0.6529765725135803]
[-0.25061890482902527],[0.6563348174095154]
[-0.25651147961616516],[0.6727951765060425]
[-0.2511640191078186],[0.6577319502830505]
[-0.2576858401298523],[0.6765609383583069]
[-0.24780398607254028],[0.648292601108551]
[-0.25548407435417175],[0.669991135597229]
[-0.25168901681900024],[0.6593986749649048]
[-0.2535044848918915],[0.664246678352356]
[-0.252847284078598],[0.6626909375190735]
[-0.25224077701568604],[0.6613541841506958]
[-0.2534792721271515],[0.6647510528564453]
[-0.2564660310745239],[0.6731278300285339]
[-0.25700807571411133],[0.6746344566345215]
[-0.2566150724887848],[0.6736930012702942]
[-0.2529284656047821],[0.6630226969718933]
[-0.2497578263282776],[0.6542259454727173]
[-0.24755145609378815],[0.6479161977767944]
[-0.2546907961368561],[0.6686016917228699]
[-0.24876433610916138],[0.6513277292251587]
[-0.25632691383361816],[0.6728786826133728]
[-0.2510635256767273],[0.6577707529067993]
[-0.24959121644496918],[0.6535602807998657]
[-0.25281044840812683],[0.6627882719039917]
[-0.2552309036254883],[0.6696930527687073]
[-0.25064998865127563],[0.6565775275230408]
[-0.2527211606502533],[0.6626517176628113]
[-0.2505840063095093],[0.6564645767211914]
[-0.2529686391353607],[0.6634201407432556]
[-0.2542915344238281],[0.6672407388687134]
[-0.24823904037475586],[0.6499635577201843]
[-0.2544287443161011],[0.6677395105361938]
[-0.25046876072883606],[0.6560201048851013]
[-0.2546180188655853],[0.6677672266960144]
[-0.24910573661327362],[0.6519136428833008]
[-0.24887798726558685],[0.6512619853019714]
[-0.2562691569328308],[0.6722201704978943]
[-0.25153571367263794],[0.6587196588516235]
[-0.25338152050971985],[0.6644257307052612]
[-0.24863754212856293],[0.650814950466156]
[-0.25102290511131287],[0.6573306322097778]
[-0.2479187548160553],[0.6486757397651672]
[-0.257610559463501],[0.6762228012084961]
[-0.24792857468128204],[0.6484764814376831]
[-0.256931871175766],[0.6744962334632874]
[-0.247947096824646],[0.6486316323280334]
[-0.257111519575119],[0.6744850277900696]
[-0.2508077621459961],[0.6562360525131226]
[-0.24897220730781555],[0.6504947543144226]
[-0.2524813115596771],[0.6604421734809875]
[-0.2584106922149658],[0.6771970987319946]
[-0.24932022392749786],[0.6503421664237976]
[-0.2506231367588043],[0.6537737250328064]
[-0.25245004892349243],[0.6591808795928955]
[-0.24865441024303436],[0.6479812264442444]
[-0.2506078779697418],[0.6535438895225525]
[-0.2518961727619171],[0.6570329666137695]
[-0.2523050010204315],[0.6582188010215759]
[-0.2575782239437103],[0.6738585233688354]
[-0.25435739755630493],[0.6644411087036133]
[-0.25836843252182007],[0.6758784651756287]
[-0.2513044476509094],[0.6557849645614624]
[-0.2565464377403259],[0.6709990501403809]
[-0.24837477505207062],[0.6480734944343567]
[-0.25604328513145447],[0.6704283952713013]
[-0.2488710731267929],[0.6489782929420471]
[-0.2547900676727295],[0.6662686467170715]
[-0.25402316451072693],[0.6634771227836609]
[-0.2560330331325531],[0.6684547662734985]
[-0.25483375787734985],[0.6651028394699097]
[-0.2571604549884796],[0.6712361574172974]
[-0.2567738890647888],[0.6702253818511963]
[-0.2488878071308136],[0.648188591003418]
[-0.2536117434501648],[0.6619595885276794]
[-0.2513205409049988],[0.6556105017662048]
[-0.25421786308288574],[0.6637929081916809]
[-0.2573269307613373],[0.6727893948554993]
[-0.2496435046195984],[0.650128960609436]
[-0.2539094388484955],[0.6627746224403381]
[-0.25541549921035767],[0.6670833230018616]
[-0.2520346939563751],[0.6573781967163086]
[-0.2531743347644806],[0.6605430245399475]
[-0.25211620330810547],[0.6572189927101135]
[-0.2491084486246109],[0.6485947370529175]
[-0.25816527009010315],[0.6747953295707703]
[-0.2570226788520813],[0.6711877584457397]
[-0.25714558362960815],[0.6714862585067749]
[-0.2587107717990875],[0.6760907769203186]
[-0.25826677680015564],[0.6746008396148682]
[-0.2524382174015045],[0.6580153703689575]
[-0.25155872106552124],[0.6553634405136108]
[-0.25640788674354553],[0.6695947647094727]
[-0.2563476860523224],[0.6691913604736328]
[-0.25706151127815247],[0.6708833575248718]
[-0.2519160509109497],[0.6561575531959534]
[-0.25884002447128296],[0.6761951446533203]
[-0.25512200593948364],[0.6655420660972595]
[-0.252900093793869],[0.6595485806465149]
[-0.25246769189834595],[0.6587890982627869]
[-0.2492663562297821],[0.6494764089584351]
[-0.2523612380027771],[0.6586489677429199]
[-0.2512441873550415],[0.6555889844894409]
[-0.25415098667144775],[0.6637798547744751]
[-0.251400351524353],[0.6560628414154053]
[-0.2571170926094055],[0.6721903681755066]
[-0.250488817691803],[0.6528952121734619]
[-0.25734010338783264],[0.6726506352424622]
[-0.2555423676967621],[0.6675174832344055]
[-0.25339317321777344],[0.661858081817627]
[-0.2562696635723114],[0.6695661544799805]
[-0.25003325939178467],[0.65177983045578]
[-0.24948807060718536],[0.6499629616737366]
[-0.24902482330799103],[0.648370623588562]
[-0.24980643391609192],[0.6508416533470154]
[-0.2498364895582199],[0.6509686708450317]
[-0.25566110014915466],[0.6676267385482788]
[-0.2582380771636963],[0.6750075221061707]
[-0.2549252510070801],[0.6656450629234314]
[-0.2564106285572052],[0.6700023412704468]
[-0.2586462199687958],[0.6762616634368896]
[-0.2496120184659958],[0.6502827405929565]
[-0.25813227891921997],[0.6751702427864075]
[-0.2520001232624054],[0.6574072241783142]
[-0.2538890242576599],[0.6622434258460999]
[-0.24892334640026093],[0.6478154063224792]
[-0.24944496154785156],[0.6487370133399963]
[-0.2530996799468994],[0.6587523221969604]
[-0.2577236592769623],[0.6713711619377136]
[-0.2562505900859833],[0.6670040488243103]
[-0.25607213377952576],[0.6664678454399109]
[-0.2497333586215973],[0.6478541493415833]
[-0.25621625781059265],[0.6666762232780457]
[-0.25864481925964355],[0.6737229824066162]
[-0.25519034266471863],[0.6640704274177551]
[-0.25686490535736084],[0.6690720319747925]
[-0.25056469440460205],[0.6511965990066528]
[-0.25861266255378723],[0.674948513507843]
[-0.25124964118003845],[0.6538692116737366]
[-0.25826799869537354],[0.6743964552879333]
[-0.25161463022232056],[0.6553833484649658]
[-0.25073865056037903],[0.6532299518585205]
[-0.2574678361415863],[0.6721200346946716]
[-0.25069913268089294],[0.6529978513717651]
[-0.25683727860450745],[0.6707587838172913]
[-0.25833824276924133],[0.6756834387779236]
[-0.2527613341808319],[0.659329891204834]
[-0.25224044919013977],[0.6581779718399048]
[-0.24904637038707733],[0.6487674117088318]
[-0.25149160623550415],[0.6556915044784546]
[-0.25416672229766846],[0.6633957028388977]
[-0.2519633173942566],[0.6574093103408813]
[-0.24829992651939392],[0.6465960144996643]
[-0.24896974861621857],[0.6486216187477112]
[-0.25382477045059204],[0.6627649068832397]
[-0.24919144809246063],[0.6489652395248413]
[-0.2564680576324463],[0.6698786616325378]
[-0.25704753398895264],[0.6718324422836304]
[-0.2567328214645386],[0.6707514524459839]
[-0.25011563301086426],[0.6511135101318359]
[-0.25327861309051514],[0.6605415940284729]
[-0.2532946765422821],[0.6607104539871216]
[-0.2488488405942917],[0.6480047702789307]
[-0.2513275742530823],[0.6554642915725708]
[-0.25805240869522095],[0.6744104623794556]
[-0.2555057108402252],[0.6672379374504089]
[-0.255816251039505],[0.6682738065719604]
[-0.2562256455421448],[0.6696212887763977]
[-0.25251394510269165],[0.6591215133666992]
[-0.25407207012176514],[0.6636886596679688]
[-0.25525352358818054],[0.6667647957801819]
[-0.24850991368293762],[0.6476677060127258]
[-0.2582091987133026],[0.6756071448326111]
[-0.2479618787765503],[0.6465291976928711]
[-0.2531498372554779],[0.6610877513885498]
[-0.24994969367980957],[0.6517594456672668]
[-0.25134196877479553],[0.6558502912521362]
[-0.2485877126455307],[0.6475909948348999]
[-0.2541198134422302],[0.6632078289985657]
[-0.25183865427970886],[0.6560565829277039]
[-0.2570226192474365],[0.6703981757164001]
[-0.2550903260707855],[0.6647635698318481]
[-0.25116705894470215],[0.6533483862876892]
[-0.2508951425552368],[0.6514227390289307]
[-0.2549269199371338],[0.6626943349838257]
[-0.25378915667533875],[0.6591998338699341]
[-0.25056010484695435],[0.6497541666030884]
[-0.2551760971546173],[0.6635300517082214]
[-0.25376856327056885],[0.6595271825790405]
[-0.2499050348997116],[0.6489323973655701]
[-0.24868662655353546],[0.6454433798789978]
[-0.2534169852733612],[0.658940315246582]
[-0.2521075904369354],[0.6556717157363892]
[-0.2528167963027954],[0.6582040786743164]
[-0.2535923421382904],[0.6608316898345947]
[-0.25256940722465515],[0.6587096452713013]
[-0.2583731412887573],[0.6757537722587585]
[-0.25650614500045776],[0.6709170341491699]
[-0.25064975023269653],[0.6547567844390869]
[-0.2570531666278839],[0.6734815239906311]
[-0.256794810295105],[0.6726803779602051]
[-0.2492615133523941],[0.6510666608810425]
[-0.2526784837245941],[0.6603899002075195]
[-0.2576810419559479],[0.6746058464050293]
[-0.25074538588523865],[0.654315173625946]
[-0.25400885939598083],[0.6631949543952942]
[-0.2524285316467285],[0.6583908200263977]
[-0.2532431483268738],[0.6605072021484375]
[-0.24826432764530182],[0.6461294293403625]
[-0.25123319029808044],[0.6546344757080078]
[-0.2511768341064453],[0.6540417671203613]
[-0.2546883821487427],[0.6639794707298279]
[-0.2552061080932617],[0.6648656129837036]
[-0.25631827116012573],[0.6680063009262085]
[-0.2551997900009155],[0.6641852259635925]
[-0.2538163959980011],[0.6592270731925964]
[-0.2543160915374756],[0.6604204773902893]
[-0.25639569759368896],[0.6662165522575378]
[-0.25475338101387024],[0.6621732711791992]
[-0.2550748586654663],[0.6634963154792786]
[-0.25033414363861084],[0.650174617767334]
[-0.2551279664039612],[0.6642056107521057]
[-0.24899065494537354],[0.6472662091255188]
[-0.2510722875595093],[0.6535761952400208]
[-0.25211283564567566],[0.656883955001831]
[-0.25648033618927],[0.6692195534706116]
[-0.25646379590034485],[0.6696869730949402]
[-0.25058069825172424],[0.6532256007194519]
[-0.2572294771671295],[0.672727644443512]
[-0.25478723645210266],[0.6658943891525269]
[-0.24782520532608032],[0.6457546949386597]
[-0.25669237971305847],[0.6712508797645569]
[-0.24773254990577698],[0.6455026865005493]
[-0.2535633146762848],[0.6624676585197449]
[-0.25743788480758667],[0.6735983490943909]
[-0.2560022473335266],[0.6696341037750244]
[-0.2567303776741028],[0.6713188886642456]
[-0.2559937834739685],[0.6691851615905762]
[-0.25033411383628845],[0.652897298336029]
[-0.25343039631843567],[0.661685049533844]
[-0.25095126032829285],[0.6539843678474426]
[-0.25282275676727295],[0.6595350503921509]
[-0.25494322180747986],[0.6658149361610413]
[-0.25585630536079407],[0.6684868335723877]
[-0.25302454829216003],[0.6601372957229614]
[-0.25209879875183105],[0.6576358675956726]
[-0.25033479928970337],[0.6527165174484253]
[-0.25654998421669006],[0.6707254648208618]
[-0.2548154890537262],[0.6655654311180115]
[-0.2486632913351059],[0.6482660174369812]
[-0.24958601593971252],[0.6512093544006348]
[-0.24789586663246155],[0.6460331678390503]
[-0.2494942843914032],[0.6508048176765442]
[-0.2554773688316345],[0.6686457991600037]
[-0.25681382417678833],[0.6725420355796814]
[-0.24924324452877045],[0.6507725715637207]
[-0.2534484565258026],[0.6632005572319031]
[-0.2561430037021637],[0.6708779335021973]
[-0.2491060495376587],[0.6511076092720032]
[-0.2530346214771271],[0.6630095839500427]
[-0.24924145638942719],[0.6528063416481018]
[-0.25013235211372375],[0.6556215882301331]
[-0.2575998604297638],[0.6775446534156799]
[-0.2567485272884369],[0.6751284599304199]
[-0.25484326481819153],[0.669885516166687]
[-0.24780908226966858],[0.6495921611785889]
[-0.25092244148254395],[0.6589910387992859]
[-0.24766689538955688],[0.6493653655052185]
[-0.24779778718948364],[0.64952552318573]
[-0.24946807324886322],[0.654430091381073]
[-0.24758444726467133],[0.6483662128448486]
[-0.24884018301963806],[0.6522443294525146]
[-0.2577574849128723],[0.6779337525367737]
[-0.2554658055305481],[0.6712369322776794]
[-0.25535938143730164],[0.6704389452934265]
[-0.25311386585235596],[0.6634795665740967]
[-0.2559747099876404],[0.6717603206634521]
[-0.2524592876434326],[0.6623419523239136]
[-0.2559176981449127],[0.6723983883857727]
[-0.253151535987854],[0.6643611192703247]
[-0.2519638240337372],[0.6610515117645264]
[-0.25042474269866943],[0.6566850543022156]
[-0.2550182640552521],[0.6694507598876953]
[-0.2526618242263794],[0.6633135676383972]
[-0.25158068537712097],[0.6597716808319092]
[-0.247266948223114],[0.6471388339996338]
[-0.2556547224521637],[0.6711114645004272]
[-0.2519831955432892],[0.6605887413024902]
[-0.24754862487316132],[0.6481077075004578]
[-0.25367170572280884],[0.6660412549972534]
[-0.256691575050354],[0.6741178035736084]
[-0.2521269917488098],[0.6613754034042358]
[-0.2546098530292511],[0.668420672416687]
[-0.256707102060318],[0.6752147078514099]
[-0.24915167689323425],[0.6532835960388184]
[-0.25228652358055115],[0.6620413064956665]
[-0.25806280970573425],[0.6787829399108887]
[-0.24895550310611725],[0.6531400084495544]
[-0.2564425468444824],[0.6747342348098755]
[-0.251093327999115],[0.6596333384513855]
[-0.2568979561328888],[0.6766533255577087]
[-0.2513748109340668],[0.6605269312858582]
[-0.2568913400173187],[0.6765543818473816]
[-0.25583481788635254],[0.6734909415245056]
[-0.24719704687595367],[0.6486218571662903]
[-0.25122925639152527],[0.660598874092102]
[-0.25329238176345825],[0.6663351058959961]
[-0.2517582178115845],[0.6616766452789307]
[-0.25610974431037903],[0.6741315126419067]
[-0.25698864459991455],[0.6767563223838806]
[-0.2524162232875824],[0.6634426116943359]
[-0.24755926430225372],[0.64936363697052]
[-0.25274336338043213],[0.6644209623336792]
[-0.2572609484195709],[0.6774868965148926]
[-0.25410351157188416],[0.6680856347084045]
[-0.25139856338500977],[0.6599518060684204]
[-0.25257885456085205],[0.6631578803062439]
[-0.24857139587402344],[0.6518404483795166]
[-0.24767839908599854],[0.6489483714103699]
[-0.25651317834854126],[0.6746010184288025]
[-0.25051403045654297],[0.6572030186653137]
[-0.24837173521518707],[0.6512361168861389]
[-0.25333017110824585],[0.6656501293182373]
[-0.25065743923187256],[0.65850830078125]
[-0.2563159465789795],[0.674540638923645]
[-0.2495322823524475],[0.6557680368423462]
[-0.25591349601745605],[0.6745120882987976]
[-0.2521950304508209],[0.6636071801185608]
[-0.25668439269065857],[0.6768093705177307]
[-0.24931974709033966],[0.6555546522140503]
[-0.25363996624946594],[0.6677025556564331]
[-0.2525753974914551],[0.6647683382034302]
[-0.2566743791103363],[0.6762169003486633]
[-0.25181055068969727],[0.6627236008644104]
[-0.250642329454422],[0.6592312455177307]
[-0.25189730525016785],[0.6626438498497009]
[-0.25310954451560974],[0.6661798357963562]
[-0.2536125183105469],[0.6681619882583618]
[-0.2561972141265869],[0.6758192777633667]
[-0.2570838928222656],[0.6784034371376038]
[-0.2552046477794647],[0.6736629009246826]
[-0.24844765663146973],[0.6542054414749146]
[-0.2570401132106781],[0.6787663102149963]
[-0.2509881556034088],[0.661274790763855]
[-0.25361907482147217],[0.6690446138381958]
[-0.24811311066150665],[0.653215765953064]
[-0.2546408474445343],[0.6717087626457214]
[-0.2488546371459961],[0.6547632813453674]
[-0.24713663756847382],[0.6498106122016907]
[-0.2571803331375122],[0.6785887479782104]
[-0.24972712993621826],[0.657099187374115]
[-0.2470300942659378],[0.64887535572052]
[-0.2578820288181305],[0.6794285774230957]
[-0.24762305617332458],[0.6497864723205566]
[-0.25171494483947754],[0.6615607738494873]
[-0.25288477540016174],[0.6645017862319946]
[-0.25777047872543335],[0.6783086061477661]
[-0.2517971694469452],[0.6610774397850037]
[-0.2572598457336426],[0.6768679618835449]
[-0.2476653903722763],[0.6496602296829224]
[-0.24995189905166626],[0.6561874151229858]
[-0.2491421401500702],[0.6543540358543396]
[-0.2494547814130783],[0.6543666124343872]
[-0.24805334210395813],[0.6503106951713562]
[-0.25378429889678955],[0.6666176319122314]
[-0.25196850299835205],[0.6615321040153503]
[-0.25719889998435974],[0.6767447590827942]
[-0.2552018165588379],[0.6715882420539856]
[-0.2539405822753906],[0.6685076355934143]
[-0.2562493681907654],[0.6751508116722107]
[-0.25259456038475037],[0.6650222539901733]
[-0.2496825009584427],[0.6564568281173706]
[-0.25250083208084106],[0.6650159358978271]
[-0.2526244819164276],[0.6647461652755737]
[-0.25401341915130615],[0.6687924861907959]
[-0.24847912788391113],[0.6528807878494263]
[-0.25534552335739136],[0.6729737520217896]
[-0.25377681851387024],[0.6683083772659302]
[-0.25209400057792664],[0.6638971567153931]
[-0.2555527687072754],[0.6732538938522339]
[-0.2512243688106537],[0.6610219478607178]
[-0.2475883513689041],[0.6503919959068298]
[-0.2503999173641205],[0.6584141850471497]
[-0.24750646948814392],[0.6497558355331421]
[-0.24706481397151947],[0.6484030485153198]
[-0.24907498061656952],[0.6541147232055664]
[-0.2569131553173065],[0.6764358878135681]
[-0.253667414188385],[0.6672618389129639]
[-0.2515963017940521],[0.6611959338188171]
[-0.25076302886009216],[0.6587487459182739]
[-0.25780418515205383],[0.678525984287262]
