mean,std
[-2.457994222640991],[0.12917695939540863]
[-2.477663278579712],[0.11639051884412766]
[-2.4953627586364746],[0.6536151766777039]
[-2.550902843475342],[1.8490451574325562]
[-2.632751703262329],[3.772357940673828]
[-2.769505262374878],[6.131038188934326]
[-2.8698041439056396],[8.523719787597656]
[-2.9395761489868164],[10.272969245910645]
[-2.983933210372925],[11.314828872680664]
[-2.978609323501587],[11.788607597351074]
[-2.9876046180725098],[11.85728931427002]
[-2.96014666557312],[11.838852882385254]
[-2.9182982444763184],[11.763643264770508]
[-2.8892993927001953],[11.576419830322266]
[-2.855970621109009],[11.45048999786377]
[-2.8362276554107666],[11.381410598754883]
[-2.8063693046569824],[11.288105964660645]
[-2.766792058944702],[11.0620698928833]
[-2.740539312362671],[10.892708778381348]
[-2.7075304985046387],[10.792497634887695]
[-2.6695809364318848],[10.73109245300293]
[-2.635711193084717],[10.58613395690918]
[-2.605947971343994],[10.356842994689941]
[-2.5642361640930176],[10.287888526916504]
[-2.5437746047973633],[10.079185485839844]
[-2.4915454387664795],[9.880536079406738]
[-2.447627305984497],[9.685188293457031]
[-2.401721715927124],[9.739962577819824]
[-2.350463628768921],[9.249785423278809]
[-2.305365562438965],[9.146697998046875]
[-2.2750937938690186],[9.037080764770508]
[-2.221388578414917],[8.858880996704102]
[-2.1863086223602295],[8.732730865478516]
[-2.128791570663452],[8.539968490600586]
[-2.1087536811828613],[8.421521186828613]
[-2.053799867630005],[8.211651802062988]
[-2.02264666557312],[7.9371442794799805]
[-1.9922717809677124],[7.76442289352417]
[-1.9424830675125122],[7.637227535247803]
[-1.89087975025177],[7.561726093292236]
[-1.8639363050460815],[7.30640983581543]
[-1.8214272260665894],[7.174496650695801]
[-1.7676678895950317],[6.9070515632629395]
[-1.7380541563034058],[6.699084758758545]
[-1.688571572303772],[6.564833164215088]
[-1.659446358680725],[6.382390975952148]
[-1.6285312175750732],[6.341854095458984]
[-1.601893663406372],[6.212652206420898]
[-1.5509824752807617],[6.047797203063965]
[-1.5217891931533813],[5.885560512542725]
[-1.4910222291946411],[5.757873058319092]
[-1.4595787525177002],[5.691422462463379]
[-1.402839183807373],[5.440595626831055]
[-1.3634170293807983],[5.327914714813232]
[-1.3327807188034058],[5.07723331451416]
[-1.3057645559310913],[5.031289577484131]
[-1.2670409679412842],[4.8475165367126465]
[-1.2417428493499756],[4.596782207489014]
[-1.2389872074127197],[4.599278450012207]
[-1.2240092754364014],[4.535021781921387]
[-1.1894029378890991],[4.4428911209106445]
[-1.185732126235962],[4.437349796295166]
[-1.1604647636413574],[4.270747184753418]
[-1.1157574653625488],[4.1433281898498535]
[-1.105576992034912],[4.029721260070801]
[-1.077595591545105],[3.8894169330596924]
[-1.0430030822753906],[3.8203580379486084]
[-1.0197198390960693],[3.604175567626953]
[-0.9768674969673157],[3.55354905128479]
[-0.938827395439148],[3.3437836170196533]
[-0.919059157371521],[3.2162272930145264]
[-0.8719692230224609],[3.122554063796997]
[-0.8255370259284973],[2.9247524738311768]
[-0.7970894575119019],[2.7837774753570557]
[-0.7602344155311584],[2.5557548999786377]
[-0.7212591171264648],[2.3700149059295654]
[-0.6823940277099609],[2.267183780670166]
[-0.6467813849449158],[2.1083550453186035]
[-0.6106270551681519],[1.944779396057129]
[-0.5800660848617554],[1.8100271224975586]
[-0.5454325675964355],[1.636338710784912]
[-0.49843552708625793],[1.431495189666748]
[-0.4640614092350006],[1.3483315706253052]
[-0.4243611693382263],[1.153839349746704]
[-0.3938550651073456],[0.9905604124069214]
[-0.4267483651638031],[1.3873966932296753]
[-0.3904561698436737],[1.0170342922210693]
[-1.373368740081787],[1.3766465187072754]
[-2.63257098197937],[4.583182334899902]
[-3.7099697589874268],[7.34996223449707]
[-0.41491037607192993],[1.0523440837860107]
[-0.4281633198261261],[0.9967383742332458]
[-0.37988772988319397],[0.9003554582595825]
[-2.2465665340423584],[3.2599923610687256]
[-0.3845561444759369],[1.0134634971618652]
[-0.41531676054000854],[1.0929218530654907]
[-0.3778153359889984],[0.9285294413566589]
[-0.3890981376171112],[0.8044590353965759]
[-0.40804946422576904],[0.8190668225288391]
[-0.40183719992637634],[0.8941672444343567]
[-0.38326185941696167],[0.9150273203849792]
[-0.37714898586273193],[0.8256105184555054]
[-0.3737906217575073],[0.8950459361076355]
[-0.39446115493774414],[0.8305481672286987]
[-0.373947411775589],[0.934755265712738]
[-0.3909015953540802],[0.8193837404251099]
[-0.3704623281955719],[0.8063662052154541]
[-0.4909132122993469],[3.081602096557617]
[-0.3739791214466095],[0.798585832118988]
[-0.3821461498737335],[0.8092088103294373]
[-0.37680676579475403],[0.8824790120124817]
[-0.3840341866016388],[0.8128727674484253]
[-0.36981818079948425],[0.8026631474494934]
[-0.3634561002254486],[0.7906813025474548]
[-0.3816817104816437],[0.9971013069152832]
[-0.36500146985054016],[0.7777571678161621]
[-0.3834353983402252],[1.1540532112121582]
[-0.3766108751296997],[0.8535668849945068]
[-0.36012381315231323],[0.7917104959487915]
[-0.3825620114803314],[0.8304089307785034]
[-0.3541368246078491],[0.7835481762886047]
[-0.36465293169021606],[0.8021745681762695]
[-0.3580271303653717],[0.7820447683334351]
[-0.36387157440185547],[0.8057454824447632]
[-0.3713294565677643],[0.8623165488243103]
[-0.35011693835258484],[0.7917325496673584]
[-0.3567703068256378],[0.7749470472335815]
[-0.3550020456314087],[0.7618139386177063]
[-0.347011923789978],[0.753485918045044]
[-0.35249409079551697],[0.7655978798866272]
[-0.35577353835105896],[0.7854664325714111]
[-0.3490598797798157],[0.7566626667976379]
[-0.35675451159477234],[0.792731761932373]
[-0.3483600914478302],[0.7586838603019714]
[-0.4865068197250366],[2.9094202518463135]
[-0.3572847247123718],[0.8730336427688599]
[-0.35652652382850647],[0.8187325596809387]
[-0.35699158906936646],[0.7998170852661133]
[-0.41667789220809937],[1.8040906190872192]
[-0.3539044260978699],[0.8117010593414307]
[-0.4290909171104431],[1.9640635251998901]
[-0.3519338369369507],[0.8333988189697266]
[-0.35314616560935974],[0.7883398532867432]
[-0.3485230803489685],[0.7799772620201111]
[-0.3515472710132599],[0.7961651682853699]
[-0.35400882363319397],[0.797695517539978]
[-0.3496711254119873],[0.7759782075881958]
[-0.4408037066459656],[2.1043641567230225]
[-0.35716578364372253],[0.8868882060050964]
[-0.3557797968387604],[0.8167995810508728]
[-0.3474350869655609],[0.7839052081108093]
[-0.34912824630737305],[0.7913223505020142]
[-0.35272201895713806],[0.8245972394943237]
[-0.3514723479747772],[0.7700105905532837]
[-0.3464547395706177],[0.7797445058822632]
[-0.37382951378822327],[1.0657691955566406]
[-0.34831857681274414],[0.8179646730422974]
[-0.3525964915752411],[0.7780013680458069]
[-0.34853318333625793],[0.7799597382545471]
[-0.3545342981815338],[0.8190258145332336]
[-0.3473457396030426],[0.8016449809074402]
[-0.35355740785598755],[0.7725121378898621]
[-0.3428003787994385],[0.7649609446525574]
[-0.3410932123661041],[0.767553448677063]
[-0.3460463285446167],[0.7697380185127258]
[-0.3413534462451935],[0.7625520825386047]
[-0.3478601276874542],[0.7742946743965149]
[-0.341525137424469],[0.7836323380470276]
[-0.34162986278533936],[0.7613057494163513]
[-0.35789164900779724],[0.874472439289093]
[-0.3470258116722107],[0.8151522874832153]
[-0.3504588305950165],[0.7977705597877502]
[-0.3418312072753906],[0.7790306210517883]
[-0.34715601801872253],[0.7819267511367798]
[-0.3399125337600708],[0.764958918094635]
[-0.3446741998195648],[0.7730691432952881]
[-0.34622931480407715],[0.7785070538520813]
[-0.34619489312171936],[0.7791748046875]
[-0.3400156795978546],[0.7624955177307129]
[-0.34642302989959717],[0.7771183848381042]
[-0.3373757004737854],[0.7623251080513]
[-0.34146353602409363],[0.7663171887397766]
[-0.34289100766181946],[0.765526294708252]
[-0.33841437101364136],[0.7584008574485779]
[-0.33956673741340637],[0.7641490697860718]
[-0.33773496747016907],[0.7582195997238159]
[-0.3462808132171631],[0.7819453477859497]
[-0.3458501100540161],[0.7787945866584778]
[-0.34060561656951904],[0.7687980532646179]
[-0.33556872606277466],[0.7596279978752136]
[-0.34461918473243713],[0.7775492072105408]
[-0.3413020968437195],[0.7718232274055481]
[-0.33722248673439026],[0.7624790072441101]
[-0.34383437037467957],[0.7761656641960144]
[-0.33647915720939636],[0.7590476870536804]
[-0.3378758132457733],[0.7660919427871704]
[-0.34429460763931274],[0.777898371219635]
[-0.3423334062099457],[0.7737188339233398]
[-0.34236255288124084],[0.7736153602600098]
[-0.33692049980163574],[0.7631343007087708]
[-0.33871567249298096],[0.774847149848938]
[-0.34166914224624634],[0.7773374319076538]
[-0.3389355540275574],[0.7680454850196838]
[-0.3433115780353546],[0.7816141247749329]
[-0.3379141390323639],[0.7639011740684509]
[-0.33460965752601624],[0.7617340683937073]
[-0.34002625942230225],[0.7721207737922668]
[-0.3373761773109436],[0.768794596195221]
[-0.3432604670524597],[0.778535783290863]
[-0.33474886417388916],[0.7586171627044678]
[-0.33629846572875977],[0.7601227760314941]
[-0.33402931690216064],[0.7569071650505066]
[-0.33912768959999084],[0.7704203128814697]
[-0.3356713652610779],[0.7622560262680054]
[-0.33894792199134827],[0.7713755965232849]
[-0.33223533630371094],[0.752612829208374]
[-0.34214839339256287],[0.7732521295547485]
[-0.3410462737083435],[0.7728233337402344]
[-0.33687493205070496],[0.7635791897773743]
[-0.3393653929233551],[0.7653006315231323]
[-0.34154611825942993],[0.7746983766555786]
[-0.33476927876472473],[0.7583833932876587]
[-0.34201526641845703],[0.7751220464706421]
[-0.3422199487686157],[0.781580924987793]
[-0.33279553055763245],[0.758634626865387]
[-0.33883699774742126],[0.7733916640281677]
[-0.3378373384475708],[0.768674910068512]
[-0.33838358521461487],[0.7710918188095093]
[-0.33944398164749146],[0.7732917070388794]
[-0.34231650829315186],[0.7815825939178467]
[-0.3413117229938507],[0.7793066501617432]
[-0.33307141065597534],[0.7559003233909607]
[-0.3410469591617584],[0.7770873308181763]
[-0.33624985814094543],[0.7676630616188049]
[-0.3401208817958832],[0.7763633728027344]
[-0.33465757966041565],[0.7659644484519958]
[-0.3386343717575073],[0.7741627097129822]
[-0.342906653881073],[0.7794783711433411]
[-0.3371041715145111],[0.7689979076385498]
[-0.3368605971336365],[0.7633363008499146]
[-0.3328433036804199],[0.758010983467102]
[-0.341562956571579],[0.777305006980896]
[-0.338981956243515],[0.7701376676559448]
[-0.3408389687538147],[0.7796034216880798]
[-0.3368370831012726],[0.766661524772644]
[-0.3417183458805084],[0.7777484059333801]
[-0.33802685141563416],[0.7674840092658997]
[-0.33251461386680603],[0.7560364603996277]
[-0.334213525056839],[0.7609805464744568]
[-0.33428505063056946],[0.7633277177810669]
[-0.3411690592765808],[0.7761126160621643]
[-0.335023432970047],[0.7605803608894348]
[-0.33714723587036133],[0.7681663632392883]
[-0.33542513847351074],[0.7626819014549255]
[-0.3385060131549835],[0.7717856168746948]
[-0.3335629999637604],[0.7582979798316956]
[-0.33643031120300293],[0.766423225402832]
[-0.3374162018299103],[0.7735046148300171]
[-0.33201727271080017],[0.7595877647399902]
[-0.33734390139579773],[0.7686635851860046]
[-0.33439961075782776],[0.7648674249649048]
[-0.3383939862251282],[0.7733862996101379]
[-0.33762437105178833],[0.7715290188789368]
[-0.34080395102500916],[0.7798599004745483]
[-0.3387354612350464],[0.775794506072998]
[-0.33363077044487],[0.7593987584114075]
[-0.33378294110298157],[0.7626473903656006]
[-0.3317853510379791],[0.75635826587677]
[-0.33629220724105835],[0.7672500014305115]
[-0.3349453806877136],[0.7617462277412415]
[-0.3313082754611969],[0.7530184984207153]
[-0.33985692262649536],[0.7771056890487671]
[-0.33736753463745117],[0.7680375576019287]
[-0.33261364698410034],[0.7592899203300476]
[-0.34013834595680237],[0.7765814661979675]
[-0.3396632969379425],[0.7767743468284607]
[-0.3392268121242523],[0.7753410339355469]
[-0.33449193835258484],[0.7626235485076904]
[-0.33558177947998047],[0.7661536335945129]
[-0.33879122138023376],[0.7734401822090149]
[-0.3344765901565552],[0.7635686993598938]
[-0.34042587876319885],[0.7793954014778137]
[-0.3390905559062958],[0.7770532369613647]
[-0.33318787813186646],[0.7597220540046692]
[-0.33460143208503723],[0.7625511884689331]
[-0.33853721618652344],[0.7683462500572205]
[-0.3346208333969116],[0.7626984119415283]
[-0.338958740234375],[0.7717434763908386]
[-0.3315531015396118],[0.7547112703323364]
[-0.3402528166770935],[0.7731477618217468]
[-0.3333142399787903],[0.7603337168693542]
[-0.33531102538108826],[0.7642107605934143]
[-0.3381628096103668],[0.7712305188179016]
[-0.33479738235473633],[0.762789785861969]
[-0.3343770205974579],[0.7603253126144409]
[-0.33502769470214844],[0.7633590698242188]
[-0.33226147294044495],[0.757277250289917]
[-0.3342367112636566],[0.7575127482414246]
[-0.33608952164649963],[0.767444372177124]
[-0.3391597270965576],[0.7733698487281799]
[-0.3362388014793396],[0.7648099660873413]
[-0.33421409130096436],[0.7587798237800598]
[-0.33863651752471924],[0.7725281715393066]
[-0.33849793672561646],[0.771038293838501]
[-0.33186137676239014],[0.7559953927993774]
[-0.33853989839553833],[0.7696539163589478]
[-0.3399522602558136],[0.7691189646720886]
[-0.33078905940055847],[0.7500539422035217]
[-0.33469992876052856],[0.7588929533958435]
[-0.3349478244781494],[0.7597416043281555]
[-0.3303487002849579],[0.7493684887886047]
[-0.33714771270751953],[0.7670544981956482]
[-0.335582971572876],[0.7650790214538574]
[-0.33154526352882385],[0.7527841925621033]
[-0.32971590757369995],[0.7492885589599609]
[-0.3399956226348877],[0.7686333060264587]
[-0.33898940682411194],[0.7699170708656311]
[-0.33623987436294556],[0.7635879516601562]
[-0.3370981216430664],[0.7692057490348816]
[-0.33612489700317383],[0.766423225402832]
[-0.3392989933490753],[0.7708325982093811]
[-0.3329273462295532],[0.7565943002700806]
[-0.3317296802997589],[0.7550135850906372]
[-0.3331257104873657],[0.758850634098053]
[-0.3337327837944031],[0.757261335849762]
[-0.3375793993473053],[0.7688836455345154]
[-0.33236387372016907],[0.755658745765686]
[-0.33534735441207886],[0.7639123201370239]
[-0.33694693446159363],[0.7654023766517639]
[-0.3301291763782501],[0.7498136758804321]
[-0.33021384477615356],[0.7493721842765808]
[-0.3341303765773773],[0.7604872584342957]
[-0.3367008566856384],[0.7627422213554382]
[-0.33300310373306274],[0.7557885050773621]
[-0.3373856246471405],[0.7667409777641296]
[-0.33516305685043335],[0.7610851526260376]
[-0.3389712870121002],[0.7698803544044495]
[-0.33696314692497253],[0.7651115655899048]
[-0.33733171224594116],[0.7653072476387024]
[-0.33556094765663147],[0.761223554611206]
[-0.3346349596977234],[0.754503607749939]
[-0.3305598497390747],[0.7463380694389343]
[-0.3372993767261505],[0.7598423957824707]
[-0.3355681002140045],[0.7571794986724854]
[-0.3366536498069763],[0.7609169483184814]
[-0.3371099531650543],[0.7601223587989807]
[-0.3326743543148041],[0.7493888139724731]
[-0.33623403310775757],[0.756776750087738]
[-0.3347616493701935],[0.7518568634986877]
[-0.3356860876083374],[0.7533700466156006]
[-0.33513617515563965],[0.7541665434837341]
[-0.3325147330760956],[0.7484220266342163]
[-0.3332335650920868],[0.7478078603744507]
[-0.3380601108074188],[0.7604998350143433]
[-0.3385394513607025],[0.7615960240364075]
[-0.33601099252700806],[0.7545517683029175]
[-0.33201175928115845],[0.7466322183609009]
[-0.33266183733940125],[0.7467306852340698]
[-0.3317466676235199],[0.7463424205780029]
[-0.33788004517555237],[0.7602223753929138]
[-0.3344409465789795],[0.7561241984367371]
[-0.3355485796928406],[0.7542494535446167]
[-0.33570215106010437],[0.7582648992538452]
[-0.3355002701282501],[0.7559038400650024]
[-0.3352329432964325],[0.7547627687454224]
[-0.3354576528072357],[0.7556533813476562]
[-0.33180856704711914],[0.7466627955436707]
[-0.3323536515235901],[0.7475442886352539]
[-0.3331148028373718],[0.7490527033805847]
[-0.3338025212287903],[0.7509210109710693]
[-0.33300110697746277],[0.7494031190872192]
[-0.3369868993759155],[0.7591565847396851]
[-0.33188578486442566],[0.7457417845726013]
[-0.3385249376296997],[0.7649397850036621]
[-0.33713045716285706],[0.7590593695640564]
[-0.336487740278244],[0.7588421106338501]
[-0.33505979180336],[0.755432665348053]
[-0.3360556960105896],[0.7583397626876831]
[-0.3310105502605438],[0.7475585341453552]
[-0.33785703778266907],[0.7632357478141785]
[-0.33791542053222656],[0.7637766599655151]
[-0.33216235041618347],[0.7467079162597656]
[-0.33490511775016785],[0.7526489496231079]
[-0.33059942722320557],[0.7451167702674866]
[-0.3383448123931885],[0.7650713920593262]
[-0.33558425307273865],[0.7582197189331055]
[-0.3330285847187042],[0.7507635354995728]
[-0.3293441832065582],[0.7434081435203552]
[-0.3385310471057892],[0.7634482383728027]
[-0.3320479691028595],[0.7464573383331299]
[-0.33677271008491516],[0.7593267560005188]
[-0.33070433139801025],[0.7440058588981628]
[-0.33304139971733093],[0.7502158284187317]
[-0.33470460772514343],[0.753268837928772]
[-0.337859570980072],[0.7592859268188477]
[-0.3348116874694824],[0.7511007189750671]
[-0.3321497440338135],[0.7485770583152771]
[-0.33707886934280396],[0.7600005865097046]
[-0.33815690875053406],[0.7629250884056091]
[-0.3329792618751526],[0.7482714056968689]
[-0.3347083032131195],[0.7524204254150391]
[-0.3324974477291107],[0.7486743927001953]
[-0.3373110890388489],[0.7590473890304565]
[-0.3350515067577362],[0.7527478337287903]
[-0.3360457718372345],[0.7567319869995117]
[-0.33924442529678345],[0.7637606263160706]
[-0.33684906363487244],[0.756923496723175]
[-0.330668568611145],[0.7450686097145081]
[-0.3362872302532196],[0.7557321190834045]
[-0.3387141525745392],[0.7613874673843384]
[-0.33691760897636414],[0.7579694986343384]
[-0.3351888656616211],[0.7545091509819031]
[-0.33932754397392273],[0.7629992365837097]
[-0.334176242351532],[0.7509755492210388]
[-0.3323926329612732],[0.7465692758560181]
[-0.3316161036491394],[0.7430633902549744]
[-0.3379260003566742],[0.7595765590667725]
[-0.33851900696754456],[0.7603424787521362]
[-0.3308117389678955],[0.7416293025016785]
[-0.3358926475048065],[0.7548937201499939]
[-0.3339027166366577],[0.7498908638954163]
[-0.3323551118373871],[0.7460017800331116]
[-0.33706942200660706],[0.7564730048179626]
[-0.33043524622917175],[0.7409536242485046]
[-0.32992446422576904],[0.7409464716911316]
[-0.33536988496780396],[0.7533741593360901]
[-0.33426064252853394],[0.7519999146461487]
[-0.3383166491985321],[0.7619527578353882]
[-0.33351290225982666],[0.7490090727806091]
[-0.33779793977737427],[0.7577312588691711]
[-0.33278679847717285],[0.7465970516204834]
[-0.33555683493614197],[0.7543649673461914]
[-0.3321056067943573],[0.7472240328788757]
[-0.33299845457077026],[0.746663510799408]
[-0.3322256803512573],[0.7451944947242737]
[-0.3376722037792206],[0.7596136331558228]
[-0.33771222829818726],[0.7584953308105469]
[-0.33453384041786194],[0.7509899735450745]
[-0.33265042304992676],[0.7466567158699036]
[-0.3308868706226349],[0.7412911653518677]
[-0.33330705761909485],[0.7466524243354797]
[-0.3367534875869751],[0.7564545273780823]
[-0.3361018896102905],[0.7547220587730408]
[-0.336972177028656],[0.7577999234199524]
[-0.3345305621623993],[0.7519909143447876]
[-0.33193278312683105],[0.7453891634941101]
[-0.33832088112831116],[0.7602143883705139]
[-0.3344135582447052],[0.7503435611724854]
[-0.3354487717151642],[0.7534826993942261]
[-0.3344564735889435],[0.7503331899642944]
[-0.33396825194358826],[0.7502964735031128]
[-0.33310285210609436],[0.7477164268493652]
[-0.33843302726745605],[0.7613794207572937]
[-0.3332703709602356],[0.7481175065040588]
[-0.3378599286079407],[0.7584741711616516]
[-0.3355870842933655],[0.7560387849807739]
[-0.3369353413581848],[0.7564656734466553]
[-0.3388567864894867],[0.7608416676521301]
[-0.3307459056377411],[0.7413535714149475]
[-0.3332115709781647],[0.746708869934082]
[-0.3347476124763489],[0.7504798173904419]
[-0.3339962065219879],[0.7478509545326233]
[-0.3381904065608978],[0.75928795337677]
[-0.33737826347351074],[0.7568901777267456]
[-0.33098331093788147],[0.7411757111549377]
[-0.33339205384254456],[0.7472050786018372]
[-0.3388580083847046],[0.7596337199211121]
[-0.33915114402770996],[0.7610164284706116]
[-0.3317676782608032],[0.7436385154724121]
[-0.3374001383781433],[0.7604678869247437]
[-0.33654525876045227],[0.7576771378517151]
[-0.3383658230304718],[0.7614341974258423]
[-0.33090484142303467],[0.7438415288925171]
[-0.33201631903648376],[0.7466625571250916]
[-0.3390721380710602],[0.7606619596481323]
[-0.33341526985168457],[0.7487726211547852]
[-0.33406516909599304],[0.749496340751648]
[-0.33787453174591064],[0.7581074833869934]
[-0.3354744017124176],[0.752324640750885]
[-0.3328275680541992],[0.7464118599891663]
[-0.33201226592063904],[0.745913028717041]
[-0.3347412943840027],[0.7518944144248962]
[-0.3297399878501892],[0.7419711351394653]
[-0.3351517915725708],[0.7538579702377319]
[-0.337058961391449],[0.7585044503211975]
[-0.33344507217407227],[0.7488366365432739]
[-0.331477552652359],[0.7433785796165466]
[-0.3359537124633789],[0.7544847726821899]
[-0.3323272466659546],[0.7461497187614441]
[-0.33826497197151184],[0.7597276568412781]
[-0.3312581181526184],[0.7446867227554321]
[-0.3333320915699005],[0.7494099736213684]
[-0.3307466506958008],[0.74298095703125]
[-0.3295656144618988],[0.7413514256477356]
[-0.33574914932250977],[0.7568666338920593]
[-0.33860599994659424],[0.7620558142662048]
[-0.33101871609687805],[0.7444630861282349]
[-0.3297632038593292],[0.7421075701713562]
[-0.3303612172603607],[0.7423290610313416]
[-0.3356151878833771],[0.7526888251304626]
[-0.3373499810695648],[0.7564084529876709]
[-0.3389536142349243],[0.7617291808128357]
[-0.3344687223434448],[0.7517059445381165]
[-0.33383291959762573],[0.7507007718086243]
[-0.33014219999313354],[0.7401469945907593]
[-0.33678892254829407],[0.7550690770149231]
[-0.33567675948143005],[0.7515056729316711]
[-0.338996946811676],[0.7602376937866211]
[-0.3365557789802551],[0.7530642151832581]
[-0.3363243341445923],[0.7548439502716064]
[-0.33383244276046753],[0.7485711574554443]
[-0.3380025029182434],[0.7572053074836731]
[-0.3324436843395233],[0.7454379200935364]
[-0.33870843052864075],[0.7613254189491272]
[-0.3373590111732483],[0.7560659646987915]
[-0.33439305424690247],[0.7498587369918823]
[-0.3319992125034332],[0.7433972358703613]
[-0.33493801951408386],[0.751170814037323]
[-0.33667251467704773],[0.7550350427627563]
[-0.337369441986084],[0.7580564618110657]
[-0.33264079689979553],[0.7442958354949951]
[-0.33083006739616394],[0.741931676864624]
[-0.3326052725315094],[0.7452089190483093]
[-0.3384419083595276],[0.7597620487213135]
[-0.3344549238681793],[0.7509770393371582]
[-0.3336341381072998],[0.7488994598388672]
[-0.3344765901565552],[0.7507995367050171]
[-0.3376239836215973],[0.7595350742340088]
[-0.33440300822257996],[0.7513626217842102]
[-0.3392006754875183],[0.7618310451507568]
[-0.33443522453308105],[0.7505180239677429]
[-0.3333989977836609],[0.7473605275154114]
[-0.3348270356655121],[0.7516134977340698]
[-0.33484989404678345],[0.7514443397521973]
[-0.3356558084487915],[0.7524266242980957]
[-0.334065705537796],[0.749884843826294]
[-0.33169570565223694],[0.7420310378074646]
[-0.333007276058197],[0.7473784685134888]
[-0.3342122733592987],[0.7487862706184387]
[-0.33203741908073425],[0.7431562542915344]
[-0.3326497972011566],[0.7470203042030334]
[-0.3373863697052002],[0.7546088695526123]
[-0.33663666248321533],[0.752554178237915]
[-0.3333238959312439],[0.7442291378974915]
[-0.33796530961990356],[0.7548872232437134]
[-0.339840292930603],[0.7603281736373901]
[-0.3317011892795563],[0.740931510925293]
[-0.335885226726532],[0.7512872219085693]
[-0.3339884877204895],[0.7464736700057983]
[-0.3333495557308197],[0.7450026869773865]
[-0.3389829397201538],[0.758791983127594]
[-0.33777883648872375],[0.7557615637779236]
[-0.33226218819618225],[0.7428878545761108]
[-0.33385828137397766],[0.7458217144012451]
[-0.33910560607910156],[0.7566054463386536]
[-0.340116024017334],[0.7605910897254944]
[-0.3331345319747925],[0.7444911599159241]
[-0.3344079554080963],[0.7467060089111328]
[-0.33528026938438416],[0.749212920665741]
[-0.3375072479248047],[0.7539577484130859]
[-0.33570605516433716],[0.7509986758232117]
[-0.33382943272590637],[0.7463952302932739]
[-0.33795562386512756],[0.7566899657249451]
[-0.33755168318748474],[0.7541322708129883]
[-0.33559221029281616],[0.7498993277549744]
[-0.3385187089443207],[0.7567939758300781]
[-0.3313445746898651],[0.7402211427688599]
[-0.3360614776611328],[0.7507292628288269]
[-0.3379550576210022],[0.7554397583007812]
[-0.33455780148506165],[0.747165858745575]
[-0.3330816328525543],[0.7429161071777344]
[-0.3397165834903717],[0.7581940293312073]
[-0.3398825228214264],[0.7590386867523193]
[-0.3363363742828369],[0.7500504851341248]
[-0.3358992636203766],[0.7478601932525635]
[-0.33467578887939453],[0.7463569641113281]
[-0.3320668637752533],[0.7395411133766174]
[-0.3329930007457733],[0.7425718903541565]
[-0.3381495177745819],[0.7536614537239075]
[-0.3372381031513214],[0.751430094242096]
[-0.33279484510421753],[0.7417681813240051]
[-0.3400176763534546],[0.7574530839920044]
[-0.33728477358818054],[0.7513471841812134]
[-0.3347916007041931],[0.7461032271385193]
[-0.3368035852909088],[0.75029456615448]
[-0.33370283246040344],[0.743019163608551]
[-0.33744046092033386],[0.753866970539093]
[-0.335591584444046],[0.7505565881729126]
[-0.337662011384964],[0.7551746964454651]
[-0.3363688290119171],[0.7506312131881714]
[-0.34032705426216125],[0.7590703964233398]
[-0.3318948447704315],[0.7387810945510864]
[-0.3335248529911041],[0.7429134249687195]
[-0.339378297328949],[0.7555885910987854]
[-0.3346632719039917],[0.7461093068122864]
[-0.3374587893486023],[0.7525779008865356]
[-0.339912086725235],[0.7587466239929199]
[-0.3405835032463074],[0.7621135711669922]
[-0.333793967962265],[0.7424091100692749]
[-0.33568674325942993],[0.7482349276542664]
[-0.3338352143764496],[0.743243396282196]
[-0.33374616503715515],[0.7422522902488708]
[-0.3360210657119751],[0.7486411333084106]
[-0.3386296331882477],[0.7540139555931091]
[-0.3366889953613281],[0.7499739527702332]
[-0.33466699719429016],[0.7446172833442688]
[-0.3365546762943268],[0.7492989301681519]
[-0.33442988991737366],[0.7438270449638367]
[-0.3360403776168823],[0.7478459477424622]
[-0.33570054173469543],[0.7484566569328308]
[-0.3338505029678345],[0.7459244728088379]
[-0.33948731422424316],[0.7571752071380615]
[-0.3368009030818939],[0.7496951818466187]
[-0.3320562243461609],[0.7395110130310059]
[-0.33674582839012146],[0.7515720129013062]
[-0.3323884904384613],[0.7410129904747009]
[-0.3366553783416748],[0.7510676980018616]
[-0.3396296799182892],[0.7602134943008423]
[-0.3326352834701538],[0.7436932921409607]
[-0.334809273481369],[0.7500562071800232]
[-0.33346059918403625],[0.7468729615211487]
[-0.33310970664024353],[0.7455587983131409]
[-0.3382304012775421],[0.7567688226699829]
[-0.33545950055122375],[0.7511364221572876]
[-0.33815789222717285],[0.7578909397125244]
[-0.3329819440841675],[0.7459592223167419]
[-0.33128634095191956],[0.7420312166213989]
[-0.33597397804260254],[0.7522842288017273]
[-0.33913716673851013],[0.7599709630012512]
[-0.3346223533153534],[0.7481614947319031]
[-0.3325738310813904],[0.7428084015846252]
[-0.33259379863739014],[0.7423670887947083]
[-0.3325490355491638],[0.7416492104530334]
[-0.3384054899215698],[0.756034791469574]
[-0.3340751528739929],[0.7451817393302917]
[-0.3318578004837036],[0.7404264211654663]
[-0.3385171592235565],[0.7552924156188965]
[-0.33613473176956177],[0.7498703002929688]
[-0.33245447278022766],[0.7413126230239868]
[-0.33779820799827576],[0.754158079624176]
[-0.3394618630409241],[0.7574602365493774]
[-0.3372665345668793],[0.7528338432312012]
[-0.33879023790359497],[0.7576860785484314]
[-0.33215799927711487],[0.7413325309753418]
[-0.3349825441837311],[0.7487662434577942]
[-0.33237358927726746],[0.7429949045181274]
[-0.33119872212409973],[0.7405798435211182]
[-0.33078062534332275],[0.7402817010879517]
[-0.33929818868637085],[0.7597499489784241]
[-0.33272024989128113],[0.744411826133728]
[-0.3377422094345093],[0.7563955187797546]
[-0.3343283236026764],[0.7477787733078003]
[-0.33708345890045166],[0.7547277808189392]
[-0.33850592374801636],[0.7568891048431396]
[-0.3306727707386017],[0.7395517826080322]
[-0.3364620506763458],[0.7546195387840271]
[-0.3362637162208557],[0.7530255317687988]
[-0.33711186051368713],[0.7548189163208008]
[-0.33646225929260254],[0.7538868188858032]
[-0.3308890759944916],[0.7407562136650085]
[-0.33302703499794006],[0.7453509569168091]
[-0.33157920837402344],[0.7421712279319763]
[-0.33388063311576843],[0.7491101622581482]
[-0.33060380816459656],[0.7400057911872864]
[-0.3378516733646393],[0.7573371529579163]
[-0.3387987017631531],[0.7598255276679993]
[-0.3323042690753937],[0.7447564601898193]
[-0.3372229039669037],[0.7568867206573486]
[-0.3327171206474304],[0.7448332905769348]
[-0.33696091175079346],[0.7556964755058289]
[-0.3307226598262787],[0.7412145733833313]
[-0.3387664258480072],[0.7606030702590942]
[-0.33732327818870544],[0.7576308846473694]
[-0.3366263508796692],[0.7558903694152832]
[-0.3323667049407959],[0.7455956935882568]
[-0.33063051104545593],[0.7407031655311584]
[-0.3334510326385498],[0.7481669187545776]
[-0.33864256739616394],[0.7602108716964722]
[-0.33839282393455505],[0.7584472298622131]
[-0.3326861262321472],[0.7452094554901123]
[-0.33172523975372314],[0.7416547536849976]
[-0.3387965261936188],[0.7608186602592468]
[-0.338533878326416],[0.7591343522071838]
[-0.3333486318588257],[0.7465382814407349]
[-0.3322781026363373],[0.7446184158325195]
[-0.3354759216308594],[0.7530474066734314]
[-0.3329889476299286],[0.7459027767181396]
[-0.335772305727005],[0.752576470375061]
[-0.33293813467025757],[0.7454476356506348]
[-0.3373386561870575],[0.7561190724372864]
[-0.3360386788845062],[0.7529470324516296]
[-0.33104583621025085],[0.7412169575691223]
[-0.3313068151473999],[0.7417711615562439]
[-0.33280783891677856],[0.7449396252632141]
[-0.3305197060108185],[0.7389578819274902]
[-0.33266112208366394],[0.7443503141403198]
[-0.3305184543132782],[0.7393156886100769]
[-0.33621665835380554],[0.752722978591919]
[-0.3308126926422119],[0.73956698179245]
[-0.33644285798072815],[0.7538200616836548]
[-0.33146050572395325],[0.7421190142631531]
[-0.33443981409072876],[0.7503564357757568]
[-0.3342508375644684],[0.7486879229545593]
[-0.3353484570980072],[0.7511324882507324]
[-0.3309909403324127],[0.7405397891998291]
[-0.33319932222366333],[0.7468228936195374]
[-0.3319483697414398],[0.745067834854126]
[-0.3337990343570709],[0.7493107318878174]
[-0.3365369737148285],[0.7558712959289551]
[-0.32998794317245483],[0.7402663230895996]
[-0.3337729573249817],[0.7496787309646606]
[-0.33221274614334106],[0.7453393340110779]
[-0.3351132273674011],[0.7525798082351685]
[-0.33468905091285706],[0.7504981756210327]
[-0.3370174169540405],[0.7541874051094055]
[-0.3354286849498749],[0.7501192688941956]
[-0.33529263734817505],[0.7508884072303772]
[-0.3323725759983063],[0.7435985207557678]
[-0.3357712924480438],[0.7499516606330872]
[-0.3311215937137604],[0.7395592331886292]
[-0.3387737274169922],[0.7585977911949158]
[-0.3376448154449463],[0.7566655278205872]
[-0.33865591883659363],[0.7589712142944336]
[-0.3326745927333832],[0.744981050491333]
[-0.33293095231056213],[0.7453896999359131]
[-0.3312559127807617],[0.7419077157974243]
[-0.33249756693840027],[0.7442280650138855]
[-0.33543136715888977],[0.7509733438491821]
[-0.3336954414844513],[0.746815025806427]
[-0.3360336124897003],[0.7533995509147644]
[-0.3308122158050537],[0.739970862865448]
[-0.3382128179073334],[0.7583698034286499]
[-0.3338334560394287],[0.7475447058677673]
[-0.33359092473983765],[0.7461809515953064]
[-0.3348863124847412],[0.7504650354385376]
[-0.3341987133026123],[0.747967541217804]
[-0.33803513646125793],[0.7586663365364075]
[-0.33098486065864563],[0.7413352727890015]
[-0.3334014117717743],[0.7483996152877808]
[-0.33805781602859497],[0.7606455087661743]
[-0.3355417251586914],[0.7537040114402771]
[-0.3333425223827362],[0.7493237257003784]
[-0.3311694264411926],[0.7423600554466248]
[-0.337520956993103],[0.7586590051651001]
[-0.3353796899318695],[0.7528980374336243]
[-0.3349723517894745],[0.7528810501098633]
[-0.33163776993751526],[0.7448053359985352]
[-0.33230242133140564],[0.7455509901046753]
[-0.3345646262168884],[0.7513811588287354]
[-0.3332352042198181],[0.7482578158378601]
[-0.33511239290237427],[0.7528570294380188]
[-0.3357134461402893],[0.7534417510032654]
[-0.3320780396461487],[0.7459194660186768]
[-0.33079203963279724],[0.7424647808074951]
[-0.33116215467453003],[0.7432870268821716]
[-0.33660048246383667],[0.7553126215934753]
[-0.33424073457717896],[0.7499146461486816]
[-0.3310781419277191],[0.7420048713684082]
[-0.3306780159473419],[0.7407054901123047]
[-0.3358488380908966],[0.7541298270225525]
[-0.33489248156547546],[0.7519967555999756]
[-0.3336496651172638],[0.7471732497215271]
[-0.33887556195259094],[0.7597125768661499]
[-0.33407577872276306],[0.7487457990646362]
[-0.33288446068763733],[0.7468212842941284]
[-0.33312177658081055],[0.7483566999435425]
[-0.33243441581726074],[0.7472548484802246]
[-0.33698955178260803],[0.758222758769989]
[-0.33283621072769165],[0.7466808557510376]
[-0.33294248580932617],[0.7464571595191956]
[-0.33818814158439636],[0.7587457895278931]
[-0.3344511091709137],[0.75013267993927]
[-0.33030107617378235],[0.7404447197914124]
[-0.33234792947769165],[0.7464069724082947]
[-0.33052927255630493],[0.7434793710708618]
[-0.33448851108551025],[0.7542188167572021]
[-0.33114486932754517],[0.7464640140533447]
[-0.3318573236465454],[0.7485944628715515]
[-0.3377992510795593],[0.7630729079246521]
[-0.33570238947868347],[0.757631242275238]
[-0.3372824788093567],[0.76167893409729]
[-0.32988521456718445],[0.7436785697937012]
[-0.3380555808544159],[0.763275682926178]
[-0.33395811915397644],[0.7524877190589905]
[-0.33683711290359497],[0.7600071430206299]
[-0.3376834988594055],[0.7620207071304321]
[-0.3372292220592499],[0.759932816028595]
[-0.3334239721298218],[0.7504927515983582]
[-0.330944687128067],[0.7450416088104248]
[-0.33817213773727417],[0.7621419429779053]
[-0.33841240406036377],[0.761888325214386]
[-0.3314513862133026],[0.7455017566680908]
[-0.33223041892051697],[0.7480068206787109]
[-0.3331510126590729],[0.7497614622116089]
[-0.3321536183357239],[0.7467053532600403]
[-0.3333814740180969],[0.7490082383155823]
[-0.3337465524673462],[0.7513470649719238]
[-0.33506694436073303],[0.7544147372245789]
[-0.33418285846710205],[0.7514026761054993]
[-0.334320068359375],[0.7518612742424011]
[-0.3311694860458374],[0.7442284226417542]
[-0.33161842823028564],[0.7468212246894836]
[-0.3351900577545166],[0.7552245855331421]
[-0.3337772488594055],[0.7504288554191589]
[-0.3334955871105194],[0.7508587837219238]
[-0.33159175515174866],[0.746272623538971]
[-0.3348652422428131],[0.7531716227531433]
[-0.3334241509437561],[0.748437225818634]
[-0.33884549140930176],[0.7610291242599487]
[-0.33559441566467285],[0.7535427212715149]
[-0.33690035343170166],[0.756449818611145]
[-0.33729320764541626],[0.7567155361175537]
[-0.33452722430229187],[0.7483994364738464]
[-0.3356848657131195],[0.7527380585670471]
[-0.3369489312171936],[0.7543812394142151]
[-0.3350662589073181],[0.7496283054351807]
[-0.33379796147346497],[0.7472708821296692]
[-0.33301031589508057],[0.7452601790428162]
[-0.33119115233421326],[0.7414698004722595]
[-0.33394482731819153],[0.7477139234542847]
[-0.3302796185016632],[0.7390171885490417]
[-0.33345434069633484],[0.748825192451477]
[-0.3377622663974762],[0.7590894103050232]
[-0.3384401202201843],[0.7600099444389343]
[-0.3328529894351959],[0.7457389831542969]
[-0.3309118449687958],[0.7420948147773743]
[-0.33609700202941895],[0.7532051801681519]
[-0.33519449830055237],[0.75184565782547]
[-0.3346726596355438],[0.750321626663208]
[-0.32998013496398926],[0.7399947643280029]
[-0.33234691619873047],[0.7442402839660645]
[-0.338051974773407],[0.7578243017196655]
[-0.3347526490688324],[0.7497814297676086]
[-0.33095595240592957],[0.7414079904556274]
[-0.33746370673179626],[0.7564316391944885]
[-0.33886998891830444],[0.7609123587608337]
[-0.3374748229980469],[0.757108747959137]
[-0.33226636052131653],[0.7435794472694397]
[-0.3353930413722992],[0.7503818273544312]
[-0.3313825726509094],[0.7408526539802551]
[-0.33138346672058105],[0.7411350011825562]
[-0.3317641317844391],[0.7432409524917603]
[-0.33229756355285645],[0.7468671202659607]
[-0.33450302481651306],[0.7526177167892456]
[-0.33457639813423157],[0.753583550453186]
[-0.33778271079063416],[0.762610137462616]
[-0.3297269344329834],[0.7426150441169739]
[-0.3336505591869354],[0.7534794211387634]
[-0.3309131860733032],[0.7483880519866943]
[-0.3350014388561249],[0.7584415674209595]
[-0.3375754654407501],[0.7626783847808838]
[-0.3321783244609833],[0.7476802468299866]
[-0.3316483199596405],[0.7450618147850037]
[-0.3370296359062195],[0.7565388679504395]
[-0.33531495928764343],[0.750841498374939]
[-0.33382049202919006],[0.7468460202217102]
[-0.33340856432914734],[0.7460619807243347]
[-0.3327910006046295],[0.7458592653274536]
[-0.33384427428245544],[0.7488545179367065]
[-0.3347115218639374],[0.7505201697349548]
[-0.33357036113739014],[0.7475723624229431]
[-0.3339932858943939],[0.7483070492744446]
[-0.33352670073509216],[0.7475959062576294]
[-0.3316724896430969],[0.7428562641143799]
[-0.33656832575798035],[0.7554136514663696]
[-0.3376699984073639],[0.7585599422454834]
[-0.3341992497444153],[0.7490177154541016]
[-0.33268699049949646],[0.7453223466873169]
[-0.3355327546596527],[0.7519659399986267]
[-0.3325250744819641],[0.7447062730789185]
[-0.33238205313682556],[0.7438810467720032]
[-0.33503594994544983],[0.7516407370567322]
[-0.33913660049438477],[0.7611384391784668]
[-0.33898696303367615],[0.7603041529655457]
[-0.3339187800884247],[0.7482481002807617]
[-0.3394598960876465],[0.7611148357391357]
[-0.33192452788352966],[0.7427775263786316]
[-0.3332323133945465],[0.7462966442108154]
[-0.3354749381542206],[0.7524807453155518]
[-0.33919382095336914],[0.7606735229492188]
[-0.3325798809528351],[0.7454528212547302]
[-0.33238649368286133],[0.7449434995651245]
[-0.3306675851345062],[0.7401463389396667]
[-0.33681604266166687],[0.7557276487350464]
[-0.3310603201389313],[0.7421738505363464]
[-0.3313925266265869],[0.7415757179260254]
[-0.33349865674972534],[0.7463197112083435]
[-0.33660876750946045],[0.7546428442001343]
[-0.33416128158569336],[0.74835205078125]
[-0.3391837477684021],[0.7608985900878906]
[-0.3328689932823181],[0.7460935711860657]
[-0.3359943926334381],[0.7525981068611145]
[-0.33124592900276184],[0.7414930462837219]
[-0.33064284920692444],[0.7409645915031433]
[-0.3328297734260559],[0.7461965680122375]
[-0.3319620192050934],[0.7428261637687683]
[-0.3391239643096924],[0.7611466646194458]
[-0.3359166085720062],[0.7530716061592102]
[-0.33550480008125305],[0.7520150542259216]
[-0.3349030613899231],[0.7510648965835571]
[-0.3391806483268738],[0.7618148922920227]
[-0.3328493535518646],[0.746426522731781]
[-0.332523912191391],[0.7475879192352295]
[-0.33482471108436584],[0.7530040740966797]
[-0.33018791675567627],[0.740037739276886]
[-0.33694735169410706],[0.7566742897033691]
[-0.3338087201118469],[0.7498455047607422]
[-0.33134719729423523],[0.743986189365387]
[-0.3317002058029175],[0.7440990805625916]
[-0.33454328775405884],[0.7509238123893738]
[-0.33520030975341797],[0.7514275908470154]
[-0.3357704281806946],[0.752911388874054]
[-0.3335050344467163],[0.7503340840339661]
[-0.33639732003211975],[0.7589167356491089]
[-0.32968100905418396],[0.7437394857406616]
[-0.3363363742828369],[0.759369432926178]
[-0.33314940333366394],[0.7503840923309326]
[-0.33225521445274353],[0.7489952445030212]
[-0.3367106318473816],[0.7592675089836121]
[-0.33268094062805176],[0.7493011355400085]
[-0.33765676617622375],[0.7609532475471497]
[-0.33791589736938477],[0.7627291083335876]
[-0.33501842617988586],[0.7558906078338623]
[-0.33314791321754456],[0.7503461241722107]
[-0.3324759900569916],[0.7495739459991455]
[-0.33406245708465576],[0.7527439594268799]
[-0.33354049921035767],[0.7507555484771729]
[-0.3356991410255432],[0.7563286423683167]
[-0.3300401568412781],[0.7441532611846924]
[-0.3364795446395874],[0.760191798210144]
[-0.3359561860561371],[0.7594170570373535]
[-0.3343120515346527],[0.7545724511146545]
[-0.33240464329719543],[0.7507163882255554]
[-0.33513832092285156],[0.7572543621063232]
[-0.33130818605422974],[0.7493415474891663]
[-0.3346380591392517],[0.7573057413101196]
[-0.33632779121398926],[0.7602155804634094]
[-0.32919830083847046],[0.7422446012496948]
[-0.3372892439365387],[0.7627986669540405]
[-0.3335581123828888],[0.7519326210021973]
[-0.3301358222961426],[0.7445967793464661]
[-0.3333807587623596],[0.7518925070762634]
[-0.33352333307266235],[0.7521714568138123]
[-0.3310251235961914],[0.7464011311531067]
[-0.32880353927612305],[0.7419313192367554]
[-0.329142302274704],[0.7429383993148804]
[-0.3304164409637451],[0.746688723564148]
[-0.32972851395606995],[0.7441360354423523]
[-0.3320183753967285],[0.7495291233062744]
[-0.3363056480884552],[0.760505199432373]
[-0.33593884110450745],[0.7588307857513428]
[-0.3297030031681061],[0.7452831864356995]
[-0.33432120084762573],[0.7553708553314209]
[-0.3348534405231476],[0.756269633769989]
[-0.33818119764328003],[0.7626631855964661]
[-0.33824899792671204],[0.7634788155555725]
[-0.33775994181632996],[0.7637543678283691]
[-0.3294893801212311],[0.7451996803283691]
[-0.3339211940765381],[0.7571004629135132]
[-0.3373851478099823],[0.7649996280670166]
[-0.32895389199256897],[0.743807852268219]
[-0.3378009796142578],[0.7647361159324646]
[-0.330505907535553],[0.7475612759590149]
[-0.3375188708305359],[0.7643394470214844]
[-0.3333781063556671],[0.7554767727851868]
[-0.3343433141708374],[0.7570679783821106]
[-0.33662912249565125],[0.7631518840789795]
[-0.332802414894104],[0.7526264190673828]
[-0.32865646481513977],[0.7433722615242004]
[-0.33266130089759827],[0.7524505257606506]
[-0.33489060401916504],[0.7580744028091431]
[-0.33083850145339966],[0.7486832737922668]
[-0.33034875988960266],[0.7476233243942261]
[-0.32984939217567444],[0.7450336813926697]
[-0.3333134949207306],[0.7526801824569702]
[-0.33563488721847534],[0.7579753398895264]
[-0.3328153192996979],[0.7516916394233704]
[-0.33347299695014954],[0.7525767087936401]
[-0.3360397219657898],[0.7587869167327881]
[-0.33040863275527954],[0.7469796538352966]
[-0.3318462371826172],[0.7510696053504944]
[-0.3375503718852997],[0.7656207084655762]
[-0.331527441740036],[0.7511388659477234]
[-0.3330973982810974],[0.7552264928817749]
[-0.33578822016716003],[0.7620948553085327]
[-0.3309977352619171],[0.749346911907196]
[-0.3308473527431488],[0.7486847043037415]
[-0.3320045471191406],[0.7510834336280823]
[-0.3366157114505768],[0.7626305222511292]
[-0.33566102385520935],[0.7606602311134338]
[-0.3299694359302521],[0.7462238669395447]
[-0.3355306088924408],[0.7603759765625]
[-0.3369069993495941],[0.765526533126831]
[-0.32821255922317505],[0.7444338202476501]
[-0.33152633905410767],[0.7528693675994873]
[-0.3276834189891815],[0.7439568042755127]
[-0.32832056283950806],[0.7460070848464966]
[-0.3330891728401184],[0.7570977807044983]
[-0.33627253770828247],[0.7657163739204407]
[-0.33142003417015076],[0.7534869313240051]
[-0.3290080726146698],[0.7485712170600891]
[-0.3339954614639282],[0.7610481381416321]
[-0.3351139724254608],[0.7641555666923523]
[-0.33572137355804443],[0.7654414176940918]
[-0.33311036229133606],[0.7586727142333984]
[-0.3287522494792938],[0.7480904459953308]
[-0.33641481399536133],[0.7657933235168457]
[-0.33318883180618286],[0.7585794925689697]
[-0.33279263973236084],[0.7575428485870361]
[-0.33625420928001404],[0.7660401463508606]
[-0.33013734221458435],[0.7502312064170837]
[-0.33066898584365845],[0.7525489330291748]
[-0.3360081613063812],[0.7650231122970581]
[-0.3342147767543793],[0.7595383524894714]
[-0.33026161789894104],[0.748222291469574]
[-0.3313853144645691],[0.7517449259757996]
[-0.3278675675392151],[0.7433269619941711]
[-0.32980844378471375],[0.7475802898406982]
[-0.3311062157154083],[0.750066339969635]
[-0.33025693893432617],[0.7473493218421936]
[-0.33168330788612366],[0.7514182329177856]
[-0.331538587808609],[0.7519064545631409]
[-0.33561158180236816],[0.7609754204750061]
[-0.3288671672344208],[0.7443220615386963]
[-0.33106908202171326],[0.7497377991676331]
[-0.3287093937397003],[0.7451174855232239]
[-0.33127257227897644],[0.7516878843307495]
[-0.3305026590824127],[0.7495952248573303]
[-0.32850244641304016],[0.7439202666282654]
[-0.33063459396362305],[0.7498369812965393]
[-0.3365774154663086],[0.7648099064826965]
[-0.3327690660953522],[0.7543136477470398]
[-0.3338547348976135],[0.7572994828224182]
[-0.3354068994522095],[0.7609755396842957]
[-0.32895246148109436],[0.7453578114509583]
[-0.33240973949432373],[0.7526829838752747]
[-0.32912030816078186],[0.7456223964691162]
[-0.33328238129615784],[0.7573397755622864]
[-0.33082666993141174],[0.7526220679283142]
[-0.33266085386276245],[0.7582349181175232]
[-0.3292977511882782],[0.7499250769615173]
[-0.33454591035842896],[0.7628960013389587]
[-0.32722800970077515],[0.7452676296234131]
[-0.3312223553657532],[0.7548832893371582]
[-0.3332432806491852],[0.7589234113693237]
[-0.3321453034877777],[0.7567447423934937]
[-0.3316383957862854],[0.7551836371421814]
[-0.327416330575943],[0.7461990714073181]
[-0.33511513471603394],[0.7643581628799438]
[-0.3275664746761322],[0.7457900643348694]
[-0.335656076669693],[0.765383780002594]
[-0.333147794008255],[0.7590773701667786]
[-0.32945019006729126],[0.7499690651893616]
[-0.3312649726867676],[0.7549513578414917]
[-0.32697418332099915],[0.74535071849823]
[-0.33151790499687195],[0.7561525106430054]
[-0.33545663952827454],[0.7664738297462463]
[-0.3331626355648041],[0.7599760293960571]
[-0.33061298727989197],[0.7538396120071411]
[-0.32859742641448975],[0.748785674571991]
[-0.33136940002441406],[0.7549007534980774]
[-0.3295954763889313],[0.7497288584709167]
[-0.335090696811676],[0.7636329531669617]
[-0.3294374942779541],[0.7492935061454773]
[-0.32915329933166504],[0.7481879591941833]
[-0.3354546129703522],[0.7633945345878601]
[-0.33091047406196594],[0.7529512643814087]
[-0.3329586982727051],[0.757684051990509]
[-0.33065882325172424],[0.7514809966087341]
[-0.3291349411010742],[0.7482452988624573]
[-0.32965925335884094],[0.7483813166618347]
[-0.3345111608505249],[0.7620858550071716]
[-0.3350619375705719],[0.7633405327796936]
[-0.33541440963745117],[0.7637571096420288]
[-0.3274644911289215],[0.7454171180725098]
[-0.33144140243530273],[0.7545251846313477]
[-0.32769861817359924],[0.7450686097145081]
[-0.3358589708805084],[0.7651419639587402]
[-0.33484789729118347],[0.763191282749176]
[-0.335143119096756],[0.7631391286849976]
[-0.3276859521865845],[0.7449522614479065]
[-0.33178186416625977],[0.7548767924308777]
[-0.33256131410598755],[0.7571465373039246]
[-0.3318566381931305],[0.7552034854888916]
[-0.32703930139541626],[0.7431183457374573]
[-0.33145633339881897],[0.7546208500862122]
[-0.32844483852386475],[0.7469253540039062]
[-0.33124956488609314],[0.7532195448875427]
[-0.3289215862751007],[0.7479794025421143]
[-0.33446910977363586],[0.7608567476272583]
[-0.33480170369148254],[0.761322021484375]
[-0.33103281259536743],[0.7525027394294739]
[-0.33250731229782104],[0.7557727098464966]
[-0.333647221326828],[0.7592480182647705]
[-0.32794812321662903],[0.7461728453636169]
[-0.3361271917819977],[0.7650967836380005]
[-0.33117949962615967],[0.7527133226394653]
[-0.33197781443595886],[0.7539763450622559]
[-0.33386480808258057],[0.7585030794143677]
[-0.3348459303379059],[0.7615697979927063]
[-0.3290906846523285],[0.7471570372581482]
[-0.33129262924194336],[0.7530550956726074]
[-0.33242326974868774],[0.7555661797523499]
[-0.3338857591152191],[0.758745014667511]
[-0.32809919118881226],[0.7463501691818237]
[-0.33456915616989136],[0.7615851163864136]
[-0.3303694427013397],[0.7514780163764954]
[-0.33257511258125305],[0.7576801180839539]
[-0.3292253017425537],[0.7499793171882629]
[-0.32795411348342896],[0.7452718615531921]
[-0.32746490836143494],[0.7451571822166443]
[-0.33391958475112915],[0.7605360746383667]
[-0.3342965245246887],[0.7620590925216675]
[-0.3268311619758606],[0.7428202629089355]
[-0.32796144485473633],[0.745624840259552]
[-0.33260297775268555],[0.7577352523803711]
[-0.3301180899143219],[0.7516671419143677]
[-0.332367867231369],[0.756117045879364]
[-0.335372656583786],[0.7637737393379211]
[-0.3330707252025604],[0.7576367259025574]
[-0.33250826597213745],[0.7566809058189392]
[-0.3303963840007782],[0.7516404390335083]
[-0.3327547013759613],[0.7572503685951233]
[-0.3337523341178894],[0.7603641152381897]
[-0.3291991949081421],[0.7486207485198975]
[-0.33276355266571045],[0.7577341794967651]
[-0.33268558979034424],[0.7571986317634583]
[-0.3294277787208557],[0.7500746250152588]
[-0.32655444741249084],[0.7429987192153931]
[-0.32700204849243164],[0.7444092631340027]
[-0.3346889317035675],[0.7631518244743347]
[-0.33522340655326843],[0.7649632692337036]
[-0.33207938075065613],[0.7564419507980347]
[-0.33543986082077026],[0.7651199102401733]
[-0.3299226760864258],[0.7523370981216431]
[-0.3290109932422638],[0.7506077885627747]
[-0.33442065119743347],[0.7646780014038086]
[-0.331786185503006],[0.758329451084137]
[-0.3315998911857605],[0.7575279474258423]
[-0.3308689296245575],[0.7563772201538086]
[-0.32890111207962036],[0.7505530118942261]
[-0.3287850618362427],[0.7496283054351807]
[-0.3273789882659912],[0.7466157674789429]
[-0.3280428946018219],[0.7474322319030762]
[-0.3305398225784302],[0.7537640333175659]
[-0.3283860981464386],[0.7494817972183228]
[-0.3290539085865021],[0.7513359785079956]
[-0.3296520709991455],[0.7524062395095825]
[-0.3299003541469574],[0.7538027763366699]
[-0.33173006772994995],[0.7575486302375793]
[-0.33283859491348267],[0.7605240941047668]
[-0.3309352695941925],[0.7555551528930664]
[-0.3305571973323822],[0.754936158657074]
[-0.32912173867225647],[0.7510923147201538]
[-0.32898908853530884],[0.7508710622787476]
[-0.32835811376571655],[0.7488405704498291]
[-0.329638808965683],[0.7519562840461731]
[-0.3303331136703491],[0.7538787722587585]
[-0.32895106077194214],[0.7503659129142761]
[-0.33046871423721313],[0.754567563533783]
[-0.32974642515182495],[0.7518509030342102]
[-0.33293959498405457],[0.7594649195671082]
[-0.3323361575603485],[0.7580734491348267]
[-0.3318237066268921],[0.7578616738319397]
[-0.3298128545284271],[0.7538067698478699]
[-0.32986170053482056],[0.7532093524932861]
[-0.3339727222919464],[0.7637406587600708]
[-0.330025851726532],[0.7538371682167053]
[-0.3335953950881958],[0.7633615136146545]
[-0.33106276392936707],[0.7578888535499573]
[-0.3283710181713104],[0.7525088787078857]
[-0.3309842646121979],[0.7593228220939636]
[-0.3319123387336731],[0.7629831433296204]
[-0.325458288192749],[0.7476640939712524]
[-0.33295318484306335],[0.7672855257987976]
[-0.33409616351127625],[0.7693395018577576]
[-0.32872265577316284],[0.755275547504425]
[-0.32874906063079834],[0.7538667917251587]
[-0.33341020345687866],[0.7662388682365417]
[-0.3255818784236908],[0.7477508187294006]
[-0.3257400393486023],[0.7467114925384521]
[-0.32884007692337036],[0.7552422881126404]
[-0.3339661955833435],[0.7685368657112122]
[-0.33173444867134094],[0.7633470892906189]
[-0.32909223437309265],[0.7558592557907104]
[-0.32792043685913086],[0.7536405920982361]
[-0.3307270109653473],[0.7608422636985779]
[-0.32672300934791565],[0.749839186668396]
[-0.3284751772880554],[0.7541496157646179]
[-0.3319549560546875],[0.7619773745536804]
[-0.3254421651363373],[0.745674192905426]
[-0.32815155386924744],[0.7531523704528809]
[-0.33285489678382874],[0.7657244205474854]
[-0.32560452818870544],[0.746574342250824]
[-0.3303067684173584],[0.7586515545845032]
[-0.32800042629241943],[0.7530698776245117]
[-0.32998377084732056],[0.7578572630882263]
[-0.3270837962627411],[0.7498399019241333]
[-0.33076202869415283],[0.7596530914306641]
[-0.3308294713497162],[0.7596675753593445]
[-0.3330616056919098],[0.7655380368232727]
[-0.3266075551509857],[0.7495415210723877]
[-0.3260456323623657],[0.7481130361557007]
[-0.32739874720573425],[0.7515797019004822]
[-0.32778623700141907],[0.7511066794395447]
[-0.3273930847644806],[0.7507135272026062]
[-0.3326193690299988],[0.7630846500396729]
[-0.3269937038421631],[0.7494630813598633]
[-0.32852447032928467],[0.7530210018157959]
[-0.3282921612262726],[0.7523795962333679]
[-0.33300793170928955],[0.7637745141983032]
[-0.32566145062446594],[0.7463544011116028]
[-0.3257783055305481],[0.7466238141059875]
[-0.3282756507396698],[0.7526901364326477]
[-0.32693275809288025],[0.7502390146255493]
[-0.32874786853790283],[0.7541314363479614]
[-0.33274194598197937],[0.7633157968521118]
[-0.32621464133262634],[0.7478216886520386]
[-0.3321821391582489],[0.7626498937606812]
[-0.3321017622947693],[0.7621122598648071]
[-0.33411458134651184],[0.7674241065979004]
[-0.33261027932167053],[0.7636757493019104]
[-0.3258191645145416],[0.7469539642333984]
[-0.32746919989585876],[0.7507567405700684]
[-0.3258834779262543],[0.7476456761360168]
[-0.3273874819278717],[0.7499373555183411]
[-0.3256511986255646],[0.7464619278907776]
[-0.3277967572212219],[0.7517825365066528]
[-0.3313264548778534],[0.7602918148040771]
[-0.32981693744659424],[0.7565163373947144]
[-0.3300762176513672],[0.7575435638427734]
[-0.3261149525642395],[0.7486022114753723]
[-0.3335493206977844],[0.7664720416069031]
[-0.3278162479400635],[0.7522537112236023]
[-0.32593581080436707],[0.7479780316352844]
[-0.33129578828811646],[0.7604287266731262]
[-0.3309367895126343],[0.7601411938667297]
[-0.32658851146698],[0.7493463158607483]
[-0.32673290371894836],[0.7500184774398804]
[-0.33104103803634644],[0.7603896260261536]
[-0.32940205931663513],[0.7564440965652466]
[-0.3303791880607605],[0.7593046426773071]
[-0.3274680972099304],[0.7510226964950562]
[-0.33351022005081177],[0.7664501070976257]
[-0.33053985238075256],[0.7586983442306519]
[-0.33089151978492737],[0.7593865990638733]
[-0.32771262526512146],[0.7514688372612]
[-0.3291005790233612],[0.7546788454055786]
[-0.33065202832221985],[0.7592234015464783]
[-0.3305223882198334],[0.758878767490387]
[-0.32730552554130554],[0.751039445400238]
[-0.33036497235298157],[0.7569764852523804]
[-0.33300310373306274],[0.7632522583007812]
[-0.3297639787197113],[0.7539185881614685]
[-0.3262764513492584],[0.7461771965026855]
[-0.3257981240749359],[0.7457726001739502]
[-0.3294353783130646],[0.7544376850128174]
[-0.32619717717170715],[0.74620121717453]
[-0.332401305437088],[0.7619114518165588]
[-0.3284930884838104],[0.7515423893928528]
[-0.329740047454834],[0.7550320029258728]
[-0.33292436599731445],[0.7629825472831726]
[-0.33008846640586853],[0.7565410733222961]
[-0.32583150267601013],[0.7452157735824585]
[-0.3315717875957489],[0.7600405812263489]
[-0.3313552737236023],[0.7594507932662964]
[-0.3268040418624878],[0.7481862306594849]
[-0.33169952034950256],[0.7604508399963379]
[-0.32717153429985046],[0.7492188215255737]
[-0.33151525259017944],[0.7596555352210999]
[-0.3296107053756714],[0.7549839019775391]
[-0.3289613127708435],[0.7537482976913452]
[-0.3280525505542755],[0.751620352268219]
[-0.3336265981197357],[0.7651658058166504]
[-0.3303517997264862],[0.7578731179237366]
[-0.33375629782676697],[0.7657403945922852]
[-0.3294461965560913],[0.7543566226959229]
[-0.3282219171524048],[0.751711368560791]
[-0.3275241255760193],[0.7503142356872559]
[-0.3319210410118103],[0.7609885334968567]
[-0.32967180013656616],[0.7551758885383606]
[-0.3267960250377655],[0.7478801608085632]
[-0.3282579183578491],[0.7508442997932434]
[-0.3343181014060974],[0.7665732502937317]
[-0.3253801763057709],[0.7445935010910034]
[-0.33325329422950745],[0.7639314532279968]
[-0.32638248801231384],[0.7464066743850708]
[-0.32712414860725403],[0.7485649585723877]
[-0.33161523938179016],[0.759253203868866]
[-0.32592907547950745],[0.7455517649650574]
[-0.3295961618423462],[0.7545173168182373]
[-0.32740476727485657],[0.7490708231925964]
[-0.33422359824180603],[0.7661811113357544]
[-0.32917800545692444],[0.7534255981445312]
[-0.3332240581512451],[0.7631509304046631]
[-0.33384791016578674],[0.7642395496368408]
[-0.3261459171772003],[0.7453957796096802]
[-0.33423227071762085],[0.7658511400222778]
[-0.3260997235774994],[0.7450055480003357]
[-0.33106014132499695],[0.7565708160400391]
[-0.32893893122673035],[0.7522376775741577]
[-0.333603173494339],[0.7630991339683533]
[-0.32680994272232056],[0.7468422055244446]
[-0.32686975598335266],[0.7466769814491272]
[-0.3267799913883209],[0.7467755675315857]
[-0.33116576075553894],[0.7577763795852661]
[-0.3288377523422241],[0.7516294717788696]
[-0.3279411792755127],[0.7499850988388062]
[-0.3320655822753906],[0.7611465454101562]
[-0.33253851532936096],[0.7614545226097107]
[-0.3277818560600281],[0.7502598166465759]
[-0.32599782943725586],[0.7456856966018677]
[-0.3299095034599304],[0.7555103302001953]
[-0.3299429714679718],[0.756432294845581]
[-0.3264823257923126],[0.7481496334075928]
[-0.32809433341026306],[0.7532176375389099]
[-0.32538628578186035],[0.7451798915863037]
[-0.3269367814064026],[0.7491227984428406]
[-0.33236733078956604],[0.7619674205780029]
[-0.32933247089385986],[0.7550454139709473]
[-0.32626891136169434],[0.7482526898384094]
[-0.33223795890808105],[0.7629292011260986]
[-0.33372873067855835],[0.7661787867546082]
[-0.33058425784111023],[0.7571583986282349]
[-0.3325449228286743],[0.762992799282074]
[-0.3271167278289795],[0.7501235604286194]
[-0.33145248889923096],[0.7615167498588562]
[-0.3276944160461426],[0.7526921033859253]
[-0.33030441403388977],[0.7597890496253967]
[-0.3307064473628998],[0.7615064382553101]
[-0.3262251913547516],[0.7506877183914185]
[-0.3323621153831482],[0.7667636871337891]
[-0.33267542719841003],[0.7671148777008057]
[-0.32583633065223694],[0.7498072385787964]
[-0.33226218819618225],[0.7654320001602173]
[-0.33057767152786255],[0.7611587643623352]
[-0.3317610025405884],[0.7638967633247375]
[-0.3327350616455078],[0.7667587399482727]
[-0.3330470025539398],[0.7673516869544983]
[-0.3263411223888397],[0.7509822249412537]
[-0.3302888870239258],[0.7618554830551147]
[-0.32552018761634827],[0.7493075728416443]
[-0.33085110783576965],[0.7626649141311646]
[-0.32990050315856934],[0.7590681314468384]
[-0.3253251314163208],[0.7492469549179077]
[-0.3255879282951355],[0.749979555606842]
[-0.32821160554885864],[0.7562925815582275]
[-0.33113208413124084],[0.763953685760498]
[-0.3292009234428406],[0.758323609828949]
[-0.3305298686027527],[0.7620777487754822]
[-0.32871803641319275],[0.7575532793998718]
[-0.3315724730491638],[0.765278697013855]
[-0.3252534568309784],[0.749095618724823]
[-0.3331838846206665],[0.7691735625267029]
[-0.33278241753578186],[0.7690837979316711]
[-0.3296239674091339],[0.7595855593681335]
[-0.3258589804172516],[0.7515687346458435]
[-0.32804104685783386],[0.7563692331314087]
[-0.32972487807273865],[0.7602888941764832]
[-0.3299631178379059],[0.7600606083869934]
[-0.3318813145160675],[0.7640465497970581]
[-0.32818564772605896],[0.7543302774429321]
[-0.329071044921875],[0.7569050192832947]
[-0.3287830650806427],[0.7565714716911316]
[-0.3302280902862549],[0.7599785327911377]
[-0.3281013071537018],[0.7548069357872009]
[-0.33026519417762756],[0.7600832581520081]
[-0.32914119958877563],[0.757697343826294]
[-0.3302798271179199],[0.7609130144119263]
[-0.3332812190055847],[0.7673141956329346]
[-0.32836973667144775],[0.7553516626358032]
[-0.32875803112983704],[0.756324827671051]
[-0.3262943923473358],[0.7502272129058838]
[-0.326392263174057],[0.750156044960022]
[-0.3326095938682556],[0.7661525011062622]
[-0.3298829197883606],[0.7598170638084412]
[-0.33088377118110657],[0.7616545557975769]
[-0.3281205892562866],[0.7551661133766174]
[-0.331714928150177],[0.7632078528404236]
[-0.32588204741477966],[0.7490320205688477]
[-0.3319917917251587],[0.7636590600013733]
[-0.32938650250434875],[0.7580659985542297]
[-0.32706084847450256],[0.7515785098075867]
[-0.327290415763855],[0.7519622445106506]
[-0.3325989544391632],[0.7651833295822144]
[-0.33316126465797424],[0.7660894989967346]
[-0.3319823443889618],[0.7637346386909485]
[-0.33113592863082886],[0.7610528469085693]
[-0.3292398154735565],[0.7569834589958191]
[-0.33035343885421753],[0.7596839666366577]
[-0.327437162399292],[0.7527658939361572]
[-0.3269233703613281],[0.7507990598678589]
[-0.32553938031196594],[0.7463845014572144]
[-0.32972854375839233],[0.7558781504631042]
[-0.32822009921073914],[0.7530306577682495]
[-0.3317655324935913],[0.7617704272270203]
[-0.3281647562980652],[0.7537947297096252]
[-0.32651928067207336],[0.7503511309623718]
[-0.33188363909721375],[0.7636351585388184]
[-0.3260969817638397],[0.7494795918464661]
[-0.33204594254493713],[0.7650298476219177]
[-0.32641735672950745],[0.7505700588226318]
[-0.3269732892513275],[0.7523385882377625]
[-0.3302919864654541],[0.7598300576210022]
[-0.3304341733455658],[0.7610988020896912]
[-0.3250586986541748],[0.7481784820556641]
[-0.3254271149635315],[0.7489722967147827]
[-0.330276757478714],[0.7615553736686707]
[-0.3247438669204712],[0.7485076189041138]
[-0.3315082788467407],[0.7648821473121643]
[-0.32666826248168945],[0.7527641654014587]
[-0.3263435363769531],[0.7516797184944153]
[-0.32471105456352234],[0.7480130791664124]
[-0.32567551732063293],[0.7498749494552612]
[-0.32561707496643066],[0.7509377598762512]
[-0.3302784562110901],[0.7622057795524597]
[-0.33126017451286316],[0.7640899419784546]
[-0.32731837034225464],[0.7545435428619385]
[-0.3321276605129242],[0.7671191096305847]
[-0.32429638504981995],[0.7479720711708069]
[-0.3261776864528656],[0.75174880027771]
[-0.3257080614566803],[0.750264585018158]
[-0.3245108425617218],[0.7471184730529785]
[-0.33271533250808716],[0.7670031785964966]
[-0.32525894045829773],[0.7478793263435364]
[-0.3265860080718994],[0.7518713474273682]
[-0.33252060413360596],[0.7675073146820068]
[-0.3277279734611511],[0.7559552788734436]
[-0.326875239610672],[0.7535567879676819]
[-0.3240082561969757],[0.7460638284683228]
[-0.32421162724494934],[0.7464160919189453]
[-0.3279660940170288],[0.7556691765785217]
[-0.3281821608543396],[0.7562006115913391]
[-0.32752686738967896],[0.7546783685684204]
[-0.32517537474632263],[0.748445987701416]
[-0.33235833048820496],[0.766171395778656]
[-0.33032506704330444],[0.7615180611610413]
[-0.3251040279865265],[0.7479643821716309]
[-0.324394166469574],[0.7464523911476135]
[-0.3292354345321655],[0.7588072419166565]
[-0.3288443684577942],[0.7579869627952576]
[-0.32986074686050415],[0.760941743850708]
[-0.33088698983192444],[0.7641915082931519]
[-0.33078262209892273],[0.7644093036651611]
[-0.3284398913383484],[0.7582591772079468]
[-0.3242088258266449],[0.7472731471061707]
[-0.32812508940696716],[0.7576801776885986]
[-0.3322833478450775],[0.767615795135498]
[-0.32524576783180237],[0.7505919933319092]
[-0.32491829991340637],[0.749611496925354]
[-0.3297603130340576],[0.7614893913269043]
[-0.3248131275177002],[0.7492098212242126]
[-0.3273674547672272],[0.7554590106010437]
[-0.32602035999298096],[0.75240159034729]
[-0.3239569067955017],[0.74746173620224]
[-0.33079203963279724],[0.7653226256370544]
[-0.3295431435108185],[0.7612416744232178]
[-0.3285268247127533],[0.7589491605758667]
[-0.3264707624912262],[0.7530491948127747]
[-0.3293328285217285],[0.7600811123847961]
[-0.3312050998210907],[0.7644879817962646]
[-0.32657134532928467],[0.7533850073814392]
[-0.3311123251914978],[0.7651881575584412]
[-0.3308373987674713],[0.764610230922699]
[-0.3318818509578705],[0.7667917609214783]
[-0.33124086260795593],[0.7651276588439941]
[-0.33171162009239197],[0.766569197177887]
[-0.33026599884033203],[0.7629178166389465]
[-0.33078426122665405],[0.7639909386634827]
[-0.32965633273124695],[0.7614713907241821]
[-0.32588991522789],[0.7516522407531738]
[-0.3318273425102234],[0.7668044567108154]
[-0.3292776644229889],[0.7602446675300598]
[-0.32495322823524475],[0.7496143579483032]
[-0.32529088854789734],[0.7509301900863647]
[-0.32591918110847473],[0.7529652118682861]
[-0.3320557475090027],[0.7679449319839478]
[-0.32681283354759216],[0.7541666626930237]
[-0.32948002219200134],[0.7596675157546997]
[-0.33199334144592285],[0.766202986240387]
[-0.32908573746681213],[0.7594555616378784]
[-0.32394495606422424],[0.7473018765449524]
[-0.3277148902416229],[0.7563319206237793]
[-0.3320735692977905],[0.7674404382705688]
[-0.32947349548339844],[0.7608054280281067]
[-0.3256295621395111],[0.7513865828514099]
[-0.3268076777458191],[0.7539198398590088]
[-0.3281869888305664],[0.7578114867210388]
[-0.3312891721725464],[0.765326201915741]
[-0.3313233256340027],[0.7660004496574402]
[-0.3278737962245941],[0.757271945476532]
[-0.326175332069397],[0.7532380223274231]
[-0.325435996055603],[0.7509528398513794]
[-0.3247523605823517],[0.7485470771789551]
[-0.32958608865737915],[0.7606692910194397]
[-0.3286135494709015],[0.7593700289726257]
[-0.3314027488231659],[0.7671694159507751]
[-0.32702940702438354],[0.7568986415863037]
[-0.32914599776268005],[0.7629727721214294]
[-0.329979807138443],[0.7647373080253601]
[-0.3264596164226532],[0.7551646828651428]
[-0.3306169807910919],[0.7648710608482361]
[-0.32382920384407043],[0.7479131817817688]
[-0.327636182308197],[0.7561261653900146]
[-0.3300112187862396],[0.7611604928970337]
[-0.3282058537006378],[0.7557465434074402]
[-0.32996317744255066],[0.7597302198410034]
[-0.3242405951023102],[0.7448509335517883]
[-0.32580292224884033],[0.7480917572975159]
[-0.32686805725097656],[0.7509984970092773]
[-0.3251913785934448],[0.7467336058616638]
[-0.3321569859981537],[0.7632839679718018]
[-0.3297785818576813],[0.757244348526001]
[-0.32571518421173096],[0.7471835017204285]
[-0.33041253685951233],[0.759299099445343]
[-0.3256916105747223],[0.7474831938743591]
[-0.33254700899124146],[0.7636991739273071]
[-0.3286750316619873],[0.7538878917694092]
[-0.3255819082260132],[0.7463197708129883]
[-0.33073490858078003],[0.7590504884719849]
[-0.32887616753578186],[0.7539953589439392]
[-0.32616403698921204],[0.7473136782646179]
[-0.3326058089733124],[0.7633506059646606]
[-0.3315022587776184],[0.7601792812347412]
[-0.33129453659057617],[0.7605794072151184]
[-0.33080142736434937],[0.7584855556488037]
[-0.3307289183139801],[0.7582688927650452]
[-0.330720454454422],[0.7583518028259277]
[-0.33211565017700195],[0.7618332505226135]
[-0.3299945294857025],[0.7567757368087769]
[-0.33124151825904846],[0.7598904371261597]
[-0.329990416765213],[0.7568663954734802]
[-0.33149829506874084],[0.7608287334442139]
[-0.33137598633766174],[0.7605181336402893]
[-0.3256196677684784],[0.7462067604064941]
[-0.32709741592407227],[0.7500689625740051]
[-0.32905858755111694],[0.7545846700668335]
[-0.33026471734046936],[0.7580214142799377]
[-0.3308813273906708],[0.7589993476867676]
[-0.32712867856025696],[0.750281572341919]
[-0.3286795914173126],[0.7541059255599976]
[-0.33221885561943054],[0.7638435959815979]
[-0.3324850797653198],[0.7641716599464417]
[-0.326057106256485],[0.7473935484886169]
[-0.3247661590576172],[0.7445993423461914]
[-0.33016595244407654],[0.7576637864112854]
[-0.3282451331615448],[0.7527208924293518]
[-0.32492750883102417],[0.7443621158599854]
[-0.32437488436698914],[0.7430847883224487]
[-0.33277425169944763],[0.7631644606590271]
[-0.32928532361984253],[0.7540687918663025]
[-0.32457682490348816],[0.7420870661735535]
[-0.32662272453308105],[0.7464587688446045]
[-0.32586678862571716],[0.7445186972618103]
[-0.3250593841075897],[0.7416056990623474]
[-0.33208757638931274],[0.7584001421928406]
[-0.330329954624176],[0.7538552284240723]
[-0.326034277677536],[0.7431193590164185]
[-0.32585978507995605],[0.7421566843986511]
[-0.32949942350387573],[0.7503537535667419]
[-0.32823631167411804],[0.7479161620140076]
[-0.3293727934360504],[0.751227617263794]
[-0.32988977432250977],[0.7534601092338562]
[-0.33024853467941284],[0.7546532154083252]
[-0.3284011781215668],[0.7507864236831665]
[-0.3275347352027893],[0.7484843730926514]
[-0.32764291763305664],[0.748581051826477]
[-0.3337080180644989],[0.763846755027771]
[-0.3310193717479706],[0.7575162053108215]
[-0.3287641108036041],[0.7519447207450867]
[-0.3328248858451843],[0.7623745799064636]
[-0.3322674036026001],[0.7614805102348328]
[-0.3319840729236603],[0.7610336542129517]
[-0.3299991190433502],[0.7561413645744324]
[-0.32921919226646423],[0.75469970703125]
[-0.32426220178604126],[0.7426550388336182]
[-0.3252839744091034],[0.7450388669967651]
[-0.33083197474479675],[0.7582349181175232]
[-0.3315165638923645],[0.7592309713363647]
[-0.32683297991752625],[0.7490585446357727]
[-0.33197957277297974],[0.7609886527061462]
[-0.32753482460975647],[0.750113844871521]
[-0.33029860258102417],[0.7568556666374207]
[-0.3244384229183197],[0.7425740361213684]
[-0.33081716299057007],[0.7579611539840698]
[-0.32523486018180847],[0.7451492547988892]
[-0.33049964904785156],[0.757776141166687]
[-0.3316097557544708],[0.760626494884491]
[-0.3250468075275421],[0.7441742420196533]
[-0.3296155333518982],[0.7550783157348633]
[-0.3297898471355438],[0.7549846768379211]
[-0.32546237111091614],[0.7444676160812378]
[-0.3248542845249176],[0.7432903051376343]
[-0.33204349875450134],[0.7610493898391724]
[-0.33246520161628723],[0.7622232437133789]
[-0.32690194249153137],[0.7484622597694397]
[-0.3296501636505127],[0.7556372284889221]
[-0.3282415270805359],[0.7525030970573425]
[-0.3278307020664215],[0.7509877681732178]
[-0.3276541531085968],[0.7507727742195129]
[-0.33286646008491516],[0.7639212608337402]
[-0.3242265582084656],[0.7421084046363831]
[-0.32808515429496765],[0.7510102391242981]
[-0.32886502146720886],[0.7535989284515381]
[-0.3247583210468292],[0.7434772253036499]
[-0.3288554549217224],[0.7534255981445312]
[-0.3274359703063965],[0.7496699690818787]
[-0.32693031430244446],[0.7490715980529785]
[-0.3328549563884735],[0.7631208300590515]
[-0.3268083333969116],[0.7470754384994507]
[-0.3295145630836487],[0.7540708184242249]
[-0.3292383849620819],[0.7540956139564514]
[-0.32873809337615967],[0.7533021569252014]
[-0.32539162039756775],[0.745033323764801]
[-0.3260556161403656],[0.7477099299430847]
[-0.3282874822616577],[0.753143846988678]
[-0.32622525095939636],[0.7483911514282227]
[-0.3299153447151184],[0.7570756077766418]
[-0.328823983669281],[0.7532551884651184]
[-0.3320564925670624],[0.7602596879005432]
[-0.3254464566707611],[0.7434602975845337]
[-0.32626986503601074],[0.7451927661895752]
[-0.33073481917381287],[0.755117654800415]
[-0.32531851530075073],[0.7418734431266785]
[-0.33368802070617676],[0.7617907524108887]
[-0.3291820287704468],[0.7508347630500793]
[-0.3267151713371277],[0.7452290654182434]
[-0.3280737102031708],[0.7496466040611267]
[-0.3299993574619293],[0.7548754215240479]
[-0.3242599368095398],[0.7424702048301697]
[-0.3246082365512848],[0.7440248131752014]
[-0.32688912749290466],[0.7509141564369202]
[-0.3286850154399872],[0.7559866905212402]
[-0.3264685571193695],[0.7519232630729675]
[-0.3307590186595917],[0.7634456157684326]
[-0.32852065563201904],[0.7585220336914062]
[-0.3301095962524414],[0.763562798500061]
[-0.3285580277442932],[0.7606875896453857]
[-0.3280239999294281],[0.7588322162628174]
[-0.3274461627006531],[0.7574300169944763]
[-0.32671377062797546],[0.7552696466445923]
[-0.3265586197376251],[0.7547684907913208]
[-0.3262363374233246],[0.7547133564949036]
[-0.3281998038291931],[0.760156512260437]
[-0.32976260781288147],[0.7642239332199097]
[-0.3302348256111145],[0.7659478783607483]
[-0.3320024013519287],[0.770231306552887]
[-0.3308737874031067],[0.7671329379081726]
[-0.3291037678718567],[0.7626521587371826]
[-0.32640331983566284],[0.7555172443389893]
[-0.324607789516449],[0.7514106631278992]
[-0.325492262840271],[0.7529822587966919]
[-0.32971715927124023],[0.7634709477424622]
[-0.3278411328792572],[0.7589905261993408]
[-0.3238508701324463],[0.7502723336219788]
[-0.3306898772716522],[0.7677651047706604]
[-0.3288547992706299],[0.7644782066345215]
[-0.3313745856285095],[0.7712647318840027]
[-0.3262650966644287],[0.7597169280052185]
[-0.3290717303752899],[0.7677889466285706]
[-0.3322652578353882],[0.7770272493362427]
[-0.3285560607910156],[0.7685530781745911]
[-0.3311203718185425],[0.7759919166564941]
[-0.32485663890838623],[0.7614029049873352]
[-0.328460693359375],[0.7717353105545044]
[-0.3312247693538666],[0.7786551117897034]
[-0.326689213514328],[0.7678551077842712]
[-0.3260059058666229],[0.7647799253463745]
[-0.32586753368377686],[0.764386773109436]
[-0.3274178206920624],[0.7672898769378662]
[-0.32867926359176636],[0.77044278383255]
[-0.3309185802936554],[0.7750992178916931]
[-0.3294588625431061],[0.7709546089172363]
[-0.3312428295612335],[0.7758592963218689]
[-0.3296384811401367],[0.7721386551856995]
[-0.32806867361068726],[0.7674509286880493]
[-0.33202752470970154],[0.7773786783218384]
[-0.3265388607978821],[0.7632856369018555]
[-0.32702818512916565],[0.7645542025566101]
[-0.32887765765190125],[0.7681358456611633]
[-0.32663846015930176],[0.7616825699806213]
[-0.33181801438331604],[0.7735902667045593]
[-0.3294384777545929],[0.7668343782424927]
[-0.3277684450149536],[0.7619826197624207]
[-0.3262167274951935],[0.7577260136604309]
[-0.3255481719970703],[0.7548692226409912]
[-0.32645392417907715],[0.7561315894126892]
[-0.3301225006580353],[0.7646503448486328]
[-0.32561907172203064],[0.7528465390205383]
[-0.32644516229629517],[0.7538775205612183]
[-0.32851171493530273],[0.7584213614463806]
[-0.3265399932861328],[0.7528715133666992]
[-0.3237830102443695],[0.7456461191177368]
[-0.3320022225379944],[0.76604163646698]
[-0.331595242023468],[0.7641714215278625]
[-0.3240320384502411],[0.7459320425987244]
[-0.32480472326278687],[0.7479726672172546]
[-0.3294127583503723],[0.7585485577583313]
[-0.3315769135951996],[0.7644563317298889]
[-0.3263300657272339],[0.7519761323928833]
[-0.32380327582359314],[0.7451570630073547]
[-0.3297824263572693],[0.7598887085914612]
[-0.3245669901371002],[0.7462196350097656]
[-0.3258870244026184],[0.7490949630737305]
[-0.3311507999897003],[0.7619269490242004]
[-0.3272528648376465],[0.7524480223655701]
[-0.32474276423454285],[0.7464612722396851]
[-0.33180612325668335],[0.7640105485916138]
[-0.32818180322647095],[0.7556855082511902]
[-0.3317207098007202],[0.7647310495376587]
[-0.32760798931121826],[0.7545691132545471]
[-0.32499051094055176],[0.7482710480690002]
[-0.32358336448669434],[0.7448688745498657]
[-0.3309396207332611],[0.7619958519935608]
[-0.32549935579299927],[0.7494001984596252]
[-0.3233412802219391],[0.7444313764572144]
[-0.32708632946014404],[0.7531324625015259]
[-0.3255230784416199],[0.750044047832489]
[-0.3293326199054718],[0.759616494178772]
[-0.32454439997673035],[0.7481855750083923]
[-0.3319033980369568],[0.7664685845375061]
[-0.329056054353714],[0.7597597241401672]
[-0.3275012671947479],[0.7560334205627441]
[-0.3296302556991577],[0.7615374326705933]
[-0.3243780732154846],[0.7480552792549133]
[-0.33052876591682434],[0.7633997201919556]
[-0.3257232904434204],[0.7515053153038025]
[-0.3269442021846771],[0.7548618912696838]
[-0.32582107186317444],[0.7521010637283325]
[-0.32967841625213623],[0.7611838579177856]
[-0.32788777351379395],[0.756834089756012]
[-0.32441166043281555],[0.7481963038444519]
[-0.32900384068489075],[0.7592318654060364]
[-0.32858917117118835],[0.7586145997047424]
[-0.3258667290210724],[0.752198338508606]
[-0.3242518901824951],[0.7482746243476868]
[-0.330702543258667],[0.764207124710083]
[-0.32812100648880005],[0.7577664256095886]
[-0.3299509584903717],[0.7620850801467896]
[-0.32521292567253113],[0.7505794763565063]
[-0.32958582043647766],[0.7610730528831482]
[-0.331760436296463],[0.7663230299949646]
[-0.3276177644729614],[0.7568056583404541]
[-0.3250337541103363],[0.7502095103263855]
[-0.3247515857219696],[0.7495817542076111]
[-0.3262723386287689],[0.753127932548523]
[-0.32371988892555237],[0.7465956211090088]
[-0.3279168903827667],[0.7569688558578491]
[-0.3232463300228119],[0.745613694190979]
[-0.3281392455101013],[0.7576972842216492]
[-0.323314905166626],[0.7456351518630981]
[-0.3256809413433075],[0.7517358660697937]
[-0.3317817747592926],[0.7668853998184204]
[-0.32732877135276794],[0.7562416791915894]
[-0.32629385590553284],[0.7535246014595032]
[-0.3295758366584778],[0.7621938586235046]
[-0.3295903503894806],[0.7629070281982422]
[-0.33106598258018494],[0.7662920355796814]
[-0.32441967725753784],[0.7493917346000671]
[-0.3267855644226074],[0.7545003294944763]
[-0.32350707054138184],[0.7456340193748474]
[-0.32740071415901184],[0.7544514536857605]
[-0.32718756794929504],[0.7535365223884583]
[-0.33199429512023926],[0.7644309401512146]
[-0.33028075098991394],[0.7602315545082092]
[-0.32714125514030457],[0.7523339986801147]
[-0.32580289244651794],[0.7481882572174072]
[-0.3300510346889496],[0.7573655843734741]
[-0.33185118436813354],[0.7623629570007324]
[-0.3316175043582916],[0.7616943120956421]
[-0.32727858424186707],[0.7517037987709045]
[-0.3242466449737549],[0.7441152930259705]
[-0.3275727927684784],[0.751808226108551]
[-0.3263644874095917],[0.7488665580749512]
[-0.32772839069366455],[0.7525617480278015]
[-0.325499027967453],[0.7472160458564758]
[-0.3284003734588623],[0.753333568572998]
[-0.32597148418426514],[0.7471616268157959]
[-0.3317207098007202],[0.7612811326980591]
[-0.3300299644470215],[0.7583512663841248]
[-0.33036985993385315],[0.7593964338302612]
[-0.32478025555610657],[0.7459452748298645]
[-0.3290993571281433],[0.756244957447052]
[-0.3238995373249054],[0.7437718510627747]
[-0.32686087489128113],[0.7513247728347778]
[-0.3247368633747101],[0.7454769611358643]
[-0.330158531665802],[0.7593246698379517]
[-0.325529545545578],[0.7482120394706726]
[-0.33082687854766846],[0.76088947057724]
[-0.3263353109359741],[0.7498278617858887]
[-0.3292517066001892],[0.7571967840194702]
[-0.3240865468978882],[0.744604766368866]
[-0.3239111304283142],[0.7441843748092651]
[-0.3322608470916748],[0.7641028761863708]
[-0.33034849166870117],[0.7592995762825012]
[-0.3263447880744934],[0.7499032020568848]
[-0.3256761431694031],[0.748550295829773]
[-0.3262218236923218],[0.7500224113464355]
[-0.3294820487499237],[0.7580745816230774]
[-0.32398146390914917],[0.7456603646278381]
[-0.3277990520000458],[0.7558697462081909]
[-0.3317643404006958],[0.7662861943244934]
[-0.32314833998680115],[0.7458094358444214]
[-0.3243567645549774],[0.7487215995788574]
[-0.3299190402030945],[0.7623730897903442]
[-0.3320675492286682],[0.7674515247344971]
[-0.3246701955795288],[0.7493743896484375]
[-0.32957956194877625],[0.7614297866821289]
[-0.3305708169937134],[0.7635359168052673]
[-0.3281218707561493],[0.7576419711112976]
[-0.32975175976753235],[0.7625684142112732]
[-0.32688647508621216],[0.7556798458099365]
[-0.32978618144989014],[0.7631245255470276]
[-0.32825013995170593],[0.7598103880882263]
[-0.3265635073184967],[0.7557945251464844]
[-0.32768070697784424],[0.7586579322814941]
[-0.3283537030220032],[0.7606632709503174]
[-0.32906413078308105],[0.7622058391571045]
[-0.32379406690597534],[0.7493473887443542]
[-0.32338815927505493],[0.74856036901474]
[-0.3314173221588135],[0.7681190371513367]
[-0.32972684502601624],[0.763544499874115]
[-0.329735666513443],[0.7630922794342041]
[-0.3281331956386566],[0.7591145038604736]
[-0.3306957185268402],[0.7653810977935791]
[-0.32399052381515503],[0.7480465769767761]
[-0.32637107372283936],[0.7536505460739136]
[-0.3309747874736786],[0.7635071873664856]
[-0.3315941393375397],[0.7643241286277771]
[-0.32617467641830444],[0.7509796023368835]
[-0.33027520775794983],[0.7611908316612244]
[-0.32988861203193665],[0.7599231004714966]
[-0.3243434727191925],[0.7457228302955627]
[-0.3282158374786377],[0.7549232840538025]
[-0.3246901035308838],[0.7460111379623413]
[-0.3311980664730072],[0.7613258957862854]
[-0.32703354954719543],[0.7511355876922607]
[-0.3322657644748688],[0.7635354995727539]
[-0.32525479793548584],[0.7465519309043884]
[-0.3304223418235779],[0.7588930726051331]
[-0.3237641751766205],[0.7428054809570312]
[-0.3279545307159424],[0.7522083520889282]
[-0.323826402425766],[0.741974413394928]
[-0.3261379301548004],[0.7471063137054443]
[-0.3316408097743988],[0.7601916193962097]
[-0.3238140940666199],[0.7415205836296082]
[-0.324207067489624],[0.7429981231689453]
[-0.3302786648273468],[0.7576481103897095]
[-0.32427316904067993],[0.7427669167518616]
[-0.33200886845588684],[0.7614107728004456]
[-0.3316243588924408],[0.7600041031837463]
[-0.3265627324581146],[0.7482081055641174]
[-0.330081969499588],[0.7578496932983398]
[-0.32498472929000854],[0.7450615167617798]
[-0.328019380569458],[0.752362072467804]
[-0.3314257264137268],[0.761366069316864]
[-0.32370880246162415],[0.7432668805122375]
[-0.3301159143447876],[0.7593145370483398]
[-0.3279111981391907],[0.7544442415237427]
[-0.3268391788005829],[0.7517383694648743]
[-0.3325137495994568],[0.7655109167098999]
[-0.32991960644721985],[0.7586550116539001]
[-0.3268319368362427],[0.7505638599395752]
[-0.3288651704788208],[0.7548597455024719]
[-0.32518085837364197],[0.7460285425186157]
[-0.32722461223602295],[0.7512644529342651]
[-0.32801663875579834],[0.7531179785728455]
[-0.3274715840816498],[0.7519453167915344]
[-0.3301823139190674],[0.7584314346313477]
[-0.32770422101020813],[0.7524486780166626]
[-0.3268846571445465],[0.7498267889022827]
[-0.32927173376083374],[0.7560238838195801]
[-0.3302532434463501],[0.7578738331794739]
[-0.332015722990036],[0.7617312073707581]
[-0.3316395878791809],[0.7615092992782593]
[-0.33039021492004395],[0.7585414052009583]
[-0.3244263231754303],[0.7439719438552856]
[-0.32486891746520996],[0.7455572485923767]
[-0.3299015164375305],[0.7577114105224609]
[-0.3274199664592743],[0.7512949109077454]
[-0.32413339614868164],[0.7437329888343811]
[-0.3254767060279846],[0.7471340894699097]
[-0.3300701975822449],[0.7591504454612732]
[-0.32407841086387634],[0.7447516322135925]
[-0.33223259449005127],[0.7653647661209106]
[-0.32554203271865845],[0.7495397329330444]
[-0.3268085718154907],[0.7532775402069092]
[-0.32337743043899536],[0.7452255487442017]
[-0.3302384614944458],[0.7628187537193298]
[-0.3304354250431061],[0.7638099193572998]
[-0.33030298352241516],[0.7634402513504028]
[-0.32755246758461],[0.7561327815055847]
[-0.329155832529068],[0.7591535449028015]
[-0.3316207528114319],[0.7650488615036011]
[-0.3267446756362915],[0.752957820892334]
[-0.3284182548522949],[0.7570837140083313]
[-0.32427528500556946],[0.7470545172691345]
[-0.3265654444694519],[0.7524550557136536]
[-0.32884055376052856],[0.7577416300773621]
[-0.32461902499198914],[0.7476410269737244]
[-0.3256271481513977],[0.7498288154602051]
[-0.3294732868671417],[0.7600609660148621]
[-0.32983189821243286],[0.7607361674308777]
[-0.3300711512565613],[0.7611353993415833]
[-0.32632434368133545],[0.7524339556694031]
[-0.32678020000457764],[0.7539054751396179]
[-0.3243774175643921],[0.7482783794403076]
[-0.32766515016555786],[0.7559926509857178]
[-0.3279098570346832],[0.7560725212097168]
[-0.326781302690506],[0.753139853477478]
[-0.32971951365470886],[0.7604138851165771]
[-0.3280662000179291],[0.7563027739524841]
[-0.32409223914146423],[0.7466097474098206]
[-0.3305063247680664],[0.7615708112716675]
[-0.3237469494342804],[0.7443336248397827]
[-0.3242180347442627],[0.7452142238616943]
[-0.3288538157939911],[0.7557590007781982]
[-0.32633987069129944],[0.7496593594551086]
[-0.32986482977867126],[0.7573575377464294]
[-0.3322133421897888],[0.7635900974273682]
[-0.3312684893608093],[0.7615347504615784]
[-0.3283666670322418],[0.7538073062896729]
[-0.3278755843639374],[0.7524508833885193]
[-0.3254498839378357],[0.7457624673843384]
[-0.3293428122997284],[0.7551495432853699]
[-0.3285532295703888],[0.7517616748809814]
[-0.33190011978149414],[0.7591673731803894]
[-0.32634562253952026],[0.7450698018074036]
[-0.33312585949897766],[0.7617865800857544]
[-0.3288748562335968],[0.7519270181655884]
[-0.3286523222923279],[0.7522891163825989]
[-0.33243975043296814],[0.762103796005249]
[-0.3288772702217102],[0.7538113594055176]
[-0.3267621099948883],[0.7489635348320007]
[-0.3296845555305481],[0.7562750577926636]
[-0.3317778706550598],[0.7614790201187134]
[-0.33126503229141235],[0.7598814964294434]
[-0.32700249552726746],[0.7491095066070557]
[-0.33130890130996704],[0.7599367499351501]
[-0.32484176754951477],[0.7450411319732666]
[-0.3294063210487366],[0.7563313245773315]
[-0.32739728689193726],[0.7516870498657227]
[-0.3273218274116516],[0.7517649531364441]
[-0.3318951725959778],[0.7620967626571655]
[-0.3283108174800873],[0.7524112462997437]
[-0.3261323869228363],[0.7472234964370728]
[-0.3304407596588135],[0.7571200132369995]
[-0.327719509601593],[0.7499625086784363]
[-0.3265669047832489],[0.7465119957923889]
[-0.3268607258796692],[0.7470546960830688]
[-0.33235687017440796],[0.760827898979187]
[-0.3309231698513031],[0.7568389773368835]
[-0.3248040974140167],[0.7421773076057434]
[-0.32872089743614197],[0.7523418068885803]
[-0.32631760835647583],[0.7459253072738647]
[-0.33202096819877625],[0.7600095868110657]
[-0.3267366290092468],[0.7468318939208984]
[-0.3272506892681122],[0.7473633289337158]
[-0.327555775642395],[0.7489213943481445]
[-0.33237960934638977],[0.7600311040878296]
[-0.3283136188983917],[0.7496044039726257]
[-0.32700422406196594],[0.7468467950820923]
[-0.3288472890853882],[0.7519661784172058]
[-0.33315086364746094],[0.762107253074646]
[-0.3273704946041107],[0.7474133372306824]
[-0.3263596296310425],[0.7447099685668945]
[-0.3327041566371918],[0.7600156664848328]
[-0.3318489193916321],[0.7581920623779297]
[-0.3249521553516388],[0.7415268421173096]
[-0.3308611512184143],[0.7561557292938232]
[-0.3321886956691742],[0.7596091032028198]
[-0.3257574141025543],[0.7441275119781494]
[-0.32916921377182007],[0.752453625202179]
[-0.3267737030982971],[0.7465083599090576]
[-0.33290350437164307],[0.7613701224327087]
[-0.32512056827545166],[0.7428712844848633]
[-0.33098047971725464],[0.7575469017028809]
[-0.3312845826148987],[0.7589884996414185]
[-0.32686638832092285],[0.749332070350647]
[-0.3279776871204376],[0.7523981928825378]
[-0.3254868984222412],[0.7472197413444519]
[-0.32390397787094116],[0.7437814474105835]
[-0.32884106040000916],[0.7556959986686707]
[-0.32387012243270874],[0.744559645652771]
[-0.3281607925891876],[0.7543206810951233]
[-0.3253733813762665],[0.7472705245018005]
[-0.3264847695827484],[0.7492692470550537]
[-0.3255937099456787],[0.7461411356925964]
[-0.33217158913612366],[0.7615258693695068]
[-0.332319974899292],[0.7615253329277039]
[-0.32819151878356934],[0.7514445185661316]
[-0.3279740810394287],[0.7506561279296875]
[-0.3306846022605896],[0.7572596073150635]
[-0.32782578468322754],[0.750953733921051]
[-0.32753047347068787],[0.750114381313324]
[-0.3260030746459961],[0.7463453412055969]
[-0.32843515276908875],[0.7529231309890747]
[-0.3315715491771698],[0.7600564956665039]
[-0.32930198311805725],[0.755003809928894]
[-0.32958340644836426],[0.756110668182373]
