mean,std
[-40.90085983276367],[6.185940265655518]
[-4.584993362426758],[2.5444087982177734]
[-5.257311820983887],[3.968380928039551]
[-4.330615043640137],[4.557919979095459]
[-4.372936248779297],[2.584538698196411]
[-42.938133239746094],[5.104305267333984]
[-5.21602201461792],[4.477477550506592]
[-4.785101413726807],[20.165597915649414]
[-5.3217267990112305],[24.38432502746582]
[-3.408500909805298],[17.34946060180664]
[-4.39524507522583],[31.700918197631836]
[-2.89747953414917],[8.718194961547852]
[-4.6247968673706055],[11.416644096374512]
[-5.106762886047363],[23.32468605041504]
[-5.00163459777832],[20.717885971069336]
[-12.660224914550781],[42.243186950683594]
[-7.565889358520508],[62.039756774902344]
[-4.9439921379089355],[33.57553482055664]
[-47.40212631225586],[82.90888214111328]
[-50.061214447021484],[125.69829559326172]
[-2.8538434505462646],[7.666243076324463]
[-50.09387969970703],[130.53683471679688]
[-5.141744613647461],[15.453546524047852]
[-4.945928573608398],[15.813299179077148]
[-3.2161483764648438],[14.375778198242188]
[-4.74131441116333],[15.091644287109375]
[-4.605077743530273],[14.91867733001709]
[-3.25176739692688],[15.498597145080566]
[-52.411376953125],[183.98251342773438]
[-4.947174072265625],[14.638616561889648]
[-52.12320327758789],[193.80331420898438]
[-3.3527843952178955],[16.712661743164062]
[-5.41278076171875],[21.530454635620117]
[-3.296863555908203],[16.57120132446289]
[-8.19350814819336],[24.42561912536621]
[-3.3094210624694824],[17.147594451904297]
[-5.939444541931152],[18.9465274810791]
[-5.736745834350586],[16.049747467041016]
[-5.563095569610596],[19.722257614135742]
[-3.684260129928589],[20.37945556640625]
[-5.7335734367370605],[17.6983699798584]
[-5.890435695648193],[22.323806762695312]
[-8.267946243286133],[17.983640670776367]
[-3.2338225841522217],[16.011484146118164]
[-5.272040843963623],[19.73457145690918]
[-7.89784049987793],[18.598041534423828]
[-4.835760116577148],[14.798783302307129]
[-5.577939033508301],[19.247377395629883]
[-4.946767330169678],[16.51032066345215]
[-4.993957042694092],[16.873241424560547]
[-5.209939956665039],[18.748340606689453]
[-5.508979797363281],[17.002063751220703]
[-4.062555313110352],[15.064753532409668]
[-4.4873270988464355],[14.659708976745605]
[-4.815415859222412],[16.34270668029785]
[-4.784229278564453],[16.757366180419922]
[-3.125716209411621],[12.682311058044434]
[-5.200315952301025],[13.821969032287598]
[-55.98241424560547],[239.20907592773438]
[-3.2846803665161133],[14.228374481201172]
[-3.6645302772521973],[13.497726440429688]
[-60.949188232421875],[285.1651306152344]
[-3.0977015495300293],[12.233449935913086]
[-4.414309501647949],[13.827564239501953]
[-52.73707962036133],[214.54159545898438]
[-3.47860050201416],[13.651780128479004]
[-6.5503740310668945],[13.94222354888916]
[-3.1232008934020996],[12.64454174041748]
[-4.527469158172607],[14.423861503601074]
[-3.1365549564361572],[11.989121437072754]
[-5.436513900756836],[13.690051078796387]
[-2.9688527584075928],[12.376070976257324]
[-3.5570106506347656],[11.952396392822266]
[-3.9533095359802246],[11.560111999511719]
[-4.531655311584473],[14.33200740814209]
[-4.121927738189697],[11.482705116271973]
[-56.467227935791016],[254.364501953125]
[-4.398200988769531],[13.306024551391602]
[-4.093924045562744],[14.753573417663574]
[-2.9780781269073486],[12.39832878112793]
[-8.031421661376953],[15.473358154296875]
[-3.315645456314087],[11.420422554016113]
[-59.62879180908203],[268.21331787109375]
[-5.21840763092041],[13.328498840332031]
[-3.3463354110717773],[11.82938289642334]
[-63.267005920410156],[299.96856689453125]
[-3.9686057567596436],[15.265425682067871]
[-4.883396625518799],[12.015105247497559]
[-57.135406494140625],[251.36123657226562]
[-6.4309916496276855],[13.740084648132324]
[-2.731189012527466],[11.39759349822998]
[-57.38837432861328],[246.52084350585938]
[-55.665184020996094],[232.67166137695312]
[-4.100163459777832],[10.92159652709961]
[-3.9917776584625244],[10.931504249572754]
[-7.782607078552246],[13.461315155029297]
[-3.760077953338623],[11.746445655822754]
[-2.6909549236297607],[10.653637886047363]
[-3.8867383003234863],[10.35521411895752]
[-4.077464580535889],[10.460649490356445]
[-3.8558237552642822],[10.954943656921387]
[-54.582130432128906],[224.07582092285156]
[-5.928469657897949],[11.915618896484375]
[-4.9112420082092285],[10.795430183410645]
[-4.736945152282715],[11.73025894165039]
[-3.7602128982543945],[10.165831565856934]
[-2.9763309955596924],[11.04486083984375]
[-5.008728981018066],[11.068474769592285]
[-52.487632751464844],[220.45921325683594]
[-53.31467056274414],[213.2670440673828]
[-3.8293120861053467],[10.25687313079834]
[-4.969044208526611],[11.43133544921875]
[-5.910117149353027],[11.858649253845215]
[-3.584665060043335],[10.140630722045898]
[-3.8497366905212402],[10.363897323608398]
[-3.9219772815704346],[10.743998527526855]
[-2.7759287357330322],[9.614468574523926]
[-2.4763376712799072],[10.02309513092041]
[-2.601806402206421],[9.339615821838379]
[-2.6813437938690186],[9.335718154907227]
[-55.457881927490234],[228.9747772216797]
[-3.5145583152770996],[9.663204193115234]
[-3.3911778926849365],[9.418380737304688]
[-53.07094192504883],[220.41029357910156]
[-2.332770347595215],[9.004730224609375]
[-2.359821081161499],[9.423272132873535]
[-5.05765962600708],[10.970033645629883]
[-3.9437525272369385],[9.953557968139648]
[-2.379500150680542],[10.32101058959961]
[-3.700511932373047],[9.225676536560059]
[-2.587601900100708],[10.560060501098633]
[-3.581263303756714],[9.783318519592285]
[-2.706516742706299],[8.970146179199219]
[-53.535404205322266],[213.44227600097656]
[-53.892906188964844],[214.0241241455078]
[-3.221688747406006],[9.154267311096191]
[-2.921205759048462],[8.93399429321289]
[-2.227321147918701],[8.56418514251709]
[-3.1370785236358643],[8.808754920959473]
[-2.6765716075897217],[10.843440055847168]
[-54.06855010986328],[216.96263122558594]
[-52.981483459472656],[220.4886474609375]
[-2.494558334350586],[8.688634872436523]
[-7.37075662612915],[11.779749870300293]
[-4.712564945220947],[9.899282455444336]
[-2.99233078956604],[9.575125694274902]
[-2.9681904315948486],[8.497178077697754]
[-5.653843879699707],[10.592586517333984]
[-2.09588885307312],[8.356264114379883]
[-12.221155166625977],[13.904717445373535]
[-2.3056118488311768],[9.210795402526855]
[-3.0730886459350586],[8.43368148803711]
[-4.931131839752197],[10.133769989013672]
[-2.0410521030426025],[8.306075096130371]
[-4.7413010597229],[9.768828392028809]
[-2.7769625186920166],[8.192037582397461]
[-2.5202739238739014],[8.592854499816895]
[-5.498813152313232],[11.122330665588379]
[-2.307457447052002],[9.083056449890137]
[-8.443994522094727],[12.427968978881836]
[-2.084730863571167],[7.800056457519531]
[-2.0751171112060547],[7.795157432556152]
[-4.5375494956970215],[10.179268836975098]
[-2.7417750358581543],[8.708820343017578]
[-53.929447174072266],[211.857421875]
[-12.0925931930542],[13.589485168457031]
[-1.982251763343811],[7.694161891937256]
[-2.9129767417907715],[9.111793518066406]
[-4.239213466644287],[8.97939682006836]
[-2.709433078765869],[8.010485649108887]
[-3.1255404949188232],[8.091596603393555]
[-3.2175827026367188],[8.158714294433594]
[-55.17753601074219],[226.95648193359375]
[-2.5605268478393555],[7.298384189605713]
[-2.376230239868164],[7.283618927001953]
[-3.3501839637756348],[8.350269317626953]
[-7.1127800941467285],[11.25805950164795]
[-57.72743225097656],[251.4794158935547]
[-5.64742374420166],[10.197629928588867]
[-54.140769958496094],[219.2142791748047]
[-2.476620674133301],[7.9207258224487305]
[-1.8460265398025513],[7.196962833404541]
[-1.9097002744674683],[6.888238430023193]
[-2.0450398921966553],[6.792135715484619]
[-1.7474236488342285],[7.483780384063721]
[-1.9735931158065796],[6.642759323120117]
[-2.5820698738098145],[7.251814365386963]
[-1.849050760269165],[6.80555534362793]
[-53.331241607666016],[212.56985473632812]
[-2.138230562210083],[6.3962273597717285]
[-2.5722527503967285],[7.178871154785156]
[-2.087395668029785],[6.330305576324463]
[-8.97230339050293],[12.275023460388184]
[-3.2770791053771973],[7.344898223876953]
[-1.8027124404907227],[6.432542324066162]
[-2.115908145904541],[6.139594078063965]
[-4.6616716384887695],[8.815815925598145]
[-2.5448057651519775],[6.821586608886719]
[-4.79388427734375],[9.038175582885742]
[-10.073305130004883],[12.615226745605469]
[-1.8441390991210938],[5.6765031814575195]
[-1.4333713054656982],[6.121557235717773]
[-5.534322261810303],[9.516797065734863]
[-3.4283714294433594],[7.174476146697998]
[-1.4632431268692017],[5.246213912963867]
[-1.803666353225708],[6.818075656890869]
[-2.6255176067352295],[6.207805156707764]
[-2.495192527770996],[5.986351013183594]
[-2.5643234252929688],[6.0684919357299805]
[-9.119832992553711],[11.892385482788086]
[-1.4523873329162598],[5.319887638092041]
[-1.8162791728973389],[5.111561298370361]
[-2.631476879119873],[6.3097333908081055]
[-1.8700132369995117],[5.584358215332031]
[-1.5348769426345825],[4.797542095184326]
[-1.2690128087997437],[5.911563396453857]
[-54.27653503417969],[217.27865600585938]
[-1.7315759658813477],[4.989645957946777]
[-1.0976054668426514],[4.4298295974731445]
[-2.3299734592437744],[5.341612339019775]
[-1.0893336534500122],[4.335602283477783]
[-1.3095465898513794],[4.50779390335083]
[-1.6569079160690308],[4.73076057434082]
[-1.2985925674438477],[4.188716888427734]
[-1.373295545578003],[4.675784111022949]
[-1.715769648551941],[4.274033546447754]
[-2.516849994659424],[5.4703803062438965]
[-9.27319622039795],[11.580611228942871]
[-1.631108283996582],[4.567537784576416]
[-1.7281616926193237],[5.147408962249756]
[-3.1138391494750977],[6.312375068664551]
[-1.0860323905944824],[4.894608974456787]
[-1.1771652698516846],[4.365670204162598]
[-52.95621871948242],[213.68408203125]
[-0.9740197658538818],[3.7947516441345215]
[-1.5024887323379517],[4.221018314361572]
[-56.72791290283203],[241.52279663085938]
[-1.0666050910949707],[3.729337453842163]
[-0.9767050743103027],[3.8967058658599854]
[-1.4050264358520508],[4.025599002838135]
[-2.0063982009887695],[4.751667499542236]
[-0.9968027472496033],[4.002266883850098]
[-1.317861795425415],[3.7433979511260986]
[-1.4196773767471313],[3.8754448890686035]
[-0.9230595827102661],[3.799870252609253]
[-5.877028465270996],[9.071338653564453]
[-1.4490920305252075],[4.04078483581543]
[-1.626744031906128],[4.519747734069824]
[-1.2118691205978394],[3.606130838394165]
[-5.555665969848633],[8.910282135009766]
[-3.023721694946289],[6.146277904510498]
[-3.7581558227539062],[7.095326900482178]
[-1.161892056465149],[3.964094877243042]
[-53.56459426879883],[213.20372009277344]
[-1.3542885780334473],[3.7341463565826416]
[-53.410614013671875],[209.44212341308594]
[-1.9188265800476074],[4.568107604980469]
[-5.005735874176025],[8.558342933654785]
[-0.871006965637207],[3.6251680850982666]
[-2.278820276260376],[5.1014485359191895]
[-0.9791602492332458],[3.7003443241119385]
[-7.617198944091797],[10.664127349853516]
[-1.3156909942626953],[3.628385066986084]
[-1.2424312829971313],[3.594031572341919]
[-2.1042699813842773],[4.902538299560547]
[-56.303810119628906],[231.219482421875]
[-1.614904522895813],[4.103435516357422]
[-1.169023871421814],[3.8039534091949463]
[-1.1566877365112305],[3.6301138401031494]
[-54.81086349487305],[240.02488708496094]
[-55.316715240478516],[229.47915649414062]
[-57.57448959350586],[249.18968200683594]
[-0.8330273628234863],[3.4322779178619385]
[-1.159655213356018],[4.230384826660156]
[-1.0358279943466187],[3.5967869758605957]
[-2.1925530433654785],[4.916715145111084]
[-1.751980185508728],[4.251603126525879]
[-3.5159034729003906],[6.431917190551758]
[-2.2660186290740967],[5.011391639709473]
[-6.042708873748779],[9.173420906066895]
[-1.9045697450637817],[4.455101490020752]
[-1.4764903783798218],[4.070611000061035]
[-0.9427423477172852],[3.2348949909210205]
[-0.8969988822937012],[3.844114303588867]
[-6.990121841430664],[10.550858497619629]
[-1.885390043258667],[4.427612781524658]
[-0.826086699962616],[3.6644184589385986]
[-2.600937843322754],[5.5190110206604]
[-0.9029840230941772],[3.298361301422119]
[-0.7706477642059326],[3.114729404449463]
[-0.7676826119422913],[3.4853804111480713]
[-0.7464427947998047],[3.1688547134399414]
[-56.66341781616211],[237.35140991210938]
[-0.8412462472915649],[3.328524112701416]
[-86.89710998535156],[440.2465515136719]
[-1.7490450143814087],[4.196114540100098]
[-54.010032653808594],[220.5839080810547]
[-1.3969119787216187],[3.726813316345215]
[-1.5498353242874146],[3.7978601455688477]
[-2.802339792251587],[5.767790794372559]
[-4.378517150878906],[7.9293670654296875]
[-1.285752773284912],[3.4911739826202393]
[-0.7349077463150024],[2.8619160652160645]
[-6.887024402618408],[9.744660377502441]
[-1.2233991622924805],[3.1979403495788574]
[-1.2324376106262207],[3.1732001304626465]
[-0.9076424837112427],[2.853029251098633]
[-15.477389335632324],[8.31455135345459]
[-0.6478032469749451],[2.6971325874328613]
[-1.2895927429199219],[3.206681251525879]
[-3.597630023956299],[6.286542892456055]
[-1.7394474744796753],[4.039230823516846]
[-3.8194029331207275],[7.227346420288086]
[-1.3699331283569336],[3.411309242248535]
[-0.6501531600952148],[2.8267383575439453]
[-1.3520104885101318],[3.341249942779541]
[-1.9731396436691284],[4.382573127746582]
[-0.661726176738739],[2.8144984245300293]
[-1.0301916599273682],[2.8907055854797363]
[-0.7226814031600952],[3.190559148788452]
[-2.530400037765503],[5.324681758880615]
[-3.938495635986328],[7.214473247528076]
[-1.8785756826400757],[4.083072662353516]
[-2.0644571781158447],[4.4600677490234375]
[-0.7539283633232117],[2.7551658153533936]
[-5.303008556365967],[8.344256401062012]
[-53.22431182861328],[209.51171875]
[-2.6090784072875977],[5.374547004699707]
[-0.6392155885696411],[2.8517637252807617]
[-0.9236263036727905],[2.6827592849731445]
[-0.8755356669425964],[2.616743803024292]
[-2.253589630126953],[4.825439453125]
[-51.71122360229492],[212.75782775878906]
[-3.0475165843963623],[6.062018394470215]
[-0.856143057346344],[4.031026363372803]
[-0.9079748392105103],[2.944559335708618]
[-0.6277831196784973],[2.9149606227874756]
[-0.6847924590110779],[3.5550689697265625]
[-0.9913730621337891],[2.8339784145355225]
[-1.185085415840149],[3.0631911754608154]
[-3.408323049545288],[6.531825542449951]
[-0.6185941100120544],[2.797534227371216]
[-0.6022975444793701],[2.674206018447876]
[-1.613061547279358],[3.7336573600769043]
[-2.2295398712158203],[4.603859901428223]
[-2.6430282592773438],[5.394006252288818]
[-1.8992623090744019],[4.206481456756592]
[-1.1031017303466797],[2.8190135955810547]
[-0.5768212080001831],[2.5523059368133545]
[-0.5802504420280457],[2.536384105682373]
[-53.42156982421875],[213.7464599609375]
[-2.627995252609253],[5.429301738739014]
[-0.5715898275375366],[2.6606314182281494]
[-2.7778842449188232],[5.488194942474365]
[-0.8171170353889465],[4.956235408782959]
[-0.6409237384796143],[2.637622594833374]
[-0.6629648208618164],[2.7147645950317383]
[-2.491879463195801],[4.609525203704834]
[-0.8730939626693726],[2.4286091327667236]
[-3.1815624237060547],[5.899006366729736]
[-1.6144468784332275],[3.6636111736297607]
[-0.680622398853302],[3.405758857727051]
[-1.981545090675354],[4.334146976470947]
[-1.3356726169586182],[3.162510871887207]
[-1.1601766347885132],[2.8099687099456787]
[-0.5686246156692505],[2.410344123840332]
[-1.1541029214859009],[2.8369665145874023]
[-1.973984956741333],[4.352215766906738]
[-0.635798454284668],[2.373723268508911]
[-0.7290728092193604],[2.3541276454925537]
[-8.428977966308594],[11.783783912658691]
[-1.7296754121780396],[3.9084153175354004]
[-3.3295726776123047],[6.502342224121094]
[-0.6843355298042297],[2.4729089736938477]
[-3.611689805984497],[6.890519618988037]
[-4.808887004852295],[8.382245063781738]
[-1.4156363010406494],[3.302593946456909]
[-10.567005157470703],[13.07240104675293]
[-4.435856342315674],[7.987617015838623]
[-0.5616999268531799],[2.49885892868042]
[-2.630937337875366],[5.25875997543335]
[-6.528646945953369],[9.842073440551758]
[-0.8483816981315613],[2.6367154121398926]
[-1.85509192943573],[4.117774963378906]
[-0.5811460018157959],[2.3300065994262695]
[-54.0418815612793],[213.44857788085938]
[-0.8051670789718628],[2.3852245807647705]
[-0.5738315582275391],[2.7215328216552734]
[-0.6123231649398804],[2.713820695877075]
[-2.4491660594940186],[4.861767292022705]
[-0.5486288666725159],[2.3904905319213867]
[-4.062329292297363],[7.272575378417969]
[-3.3803915977478027],[6.404411792755127]
[-0.9488413333892822],[2.534853935241699]
[-57.902774810791016],[252.0501708984375]
[-1.3843278884887695],[3.2358102798461914]
[-0.5839102268218994],[2.4019007682800293]
[-1.5560754537582397],[3.4600746631622314]
[-1.0375454425811768],[2.5961945056915283]
[-0.5342464447021484],[2.467860460281372]
[-0.5304464101791382],[2.435988426208496]
[-0.5472791790962219],[2.659029960632324]
[-3.84975528717041],[7.274609565734863]
[-2.9279088973999023],[5.831142425537109]
[-0.9971283078193665],[2.4958808422088623]
[-1.9900472164154053],[4.348198890686035]
[-54.97378921508789],[233.5336456298828]
[-2.2335381507873535],[4.696767807006836]
[-0.522952139377594],[2.518688201904297]
[-2.5210535526275635],[4.959516525268555]
[-0.51736980676651],[2.150351047515869]
[-9.765328407287598],[12.426613807678223]
[-1.599832534790039],[3.6128947734832764]
[-3.3809974193573],[6.4039998054504395]
[-54.791404724121094],[221.80775451660156]
[-2.999183177947998],[6.012859344482422]
[-1.976305603981018],[4.190825939178467]
[-1.081281065940857],[2.619123697280884]
[-1.7689567804336548],[3.940577745437622]
[-0.48730233311653137],[2.099470376968384]
[-3.2080440521240234],[6.359964370727539]
[-6.177297115325928],[9.956369400024414]
[-2.422919750213623],[5.1170430183410645]
[-1.1637414693832397],[2.7286486625671387]
[-1.9426753520965576],[4.249077796936035]
[-6.873574733734131],[10.274170875549316]
[-2.509246349334717],[5.063889026641846]
[-1.917527198791504],[4.187774181365967]
[-0.6727801561355591],[2.1726832389831543]
[-0.48237982392311096],[2.1313319206237793]
[-0.5735511779785156],[2.054422378540039]
[-0.6441746354103088],[2.263669967651367]
[-8.040933609008789],[11.555753707885742]
[-1.0658209323883057],[2.5383951663970947]
[-54.13554000854492],[219.91856384277344]
[-0.6131068468093872],[3.6827845573425293]
[-1.597845435142517],[3.571798801422119]
[-0.9005890488624573],[2.2251980304718018]
[-4.912652492523193],[8.204890251159668]
[-2.116933822631836],[4.57918119430542]
[-1.3511264324188232],[3.1496241092681885]
[-0.7503461241722107],[2.005404233932495]
[-11.508923530578613],[12.631383895874023]
[-0.46806827187538147],[2.2108371257781982]
[-0.45146769285202026],[1.934522032737732]
[-0.9935334920883179],[2.322662591934204]
[-0.4960235059261322],[1.9240204095840454]
[-0.9796268939971924],[2.2780566215515137]
[-0.8008946776390076],[2.2177019119262695]
[-0.46176066994667053],[1.9479204416275024]
[-0.5151302814483643],[1.8560930490493774]
[-11.270678520202637],[14.235540390014648]
[-0.9628949165344238],[2.1902880668640137]
[-0.3936765491962433],[1.8168033361434937]
[-0.4018702507019043],[1.9744572639465332]
[-3.0572588443756104],[5.801760673522949]
[-1.0658576488494873],[2.3589932918548584]
[-0.43761029839515686],[2.006072759628296]
[-0.3803425133228302],[1.7400423288345337]
[-11.463794708251953],[14.010359764099121]
[-0.3889563977718353],[1.8385660648345947]
[-0.6183751821517944],[1.7816535234451294]
[-8.48734188079834],[11.722878456115723]
[-8.562905311584473],[12.203385353088379]
[-6.516596794128418],[10.12523078918457]
[-1.8164225816726685],[3.9233756065368652]
[-9.87719440460205],[12.315332412719727]
[-0.9914218187332153],[2.2650411128997803]
[-0.39067068696022034],[1.6183162927627563]
[-0.6045860648155212],[1.8449232578277588]
[-0.8072811365127563],[1.7860374450683594]
[-1.0089040994644165],[2.219015121459961]
[-0.4161350727081299],[2.0577890872955322]
[-2.4616165161132812],[4.912148952484131]
[-1.0982896089553833],[2.510528802871704]
[-0.9026548266410828],[2.034614324569702]
[-0.43640705943107605],[1.664245367050171]
[-3.227496862411499],[5.8122968673706055]
[-0.3731350898742676],[1.663521647453308]
[-0.3685639798641205],[1.6368176937103271]
[-7.628208637237549],[11.226568222045898]
[-6.629338264465332],[10.263592720031738]
[-6.127979278564453],[9.429271697998047]
[-3.9892170429229736],[7.513473033905029]
[-0.6599533557891846],[1.6272977590560913]
[-0.38318321108818054],[1.5423245429992676]
[-0.3624294400215149],[1.6652977466583252]
[-3.735044479370117],[7.169774532318115]
[-0.4190409481525421],[1.5828686952590942]
[-2.9056901931762695],[5.937414169311523]
[-0.3587777316570282],[1.452121376991272]
[-6.320492267608643],[9.14588737487793]
[-3.8341288566589355],[6.979865550994873]
[-0.41805246472358704],[1.6240841150283813]
[-0.3448004126548767],[1.4975930452346802]
[-0.609125018119812],[1.4768997430801392]
[-4.274322032928467],[7.762124061584473]
[-1.1185725927352905],[2.5170845985412598]
[-0.5970682501792908],[1.4925148487091064]
[-1.7205265760421753],[3.553985834121704]
[-0.4038545489311218],[1.340491771697998]
[-0.7052395939826965],[1.540710687637329]
[-2.058835744857788],[4.395242214202881]
[-0.41443026065826416],[1.383887529373169]
[-0.31707310676574707],[1.2650344371795654]
[-4.321585655212402],[7.7135396003723145]
[-5.613382339477539],[9.382950782775879]
[-0.330991268157959],[1.37293541431427]
[-10.73949909210205],[13.744634628295898]
[-3.1589419841766357],[6.142739772796631]
[-1.768450140953064],[3.7454771995544434]
[-9.385541915893555],[12.586195945739746]
[-0.6684297919273376],[1.3376379013061523]
[-11.90494441986084],[14.435966491699219]
[-3.3408753871917725],[6.452426433563232]
[-0.2581759989261627],[1.114566683769226]
[-0.40734633803367615],[1.3826273679733276]
[-1.749748706817627],[3.6830859184265137]
[-0.30140450596809387],[1.0556001663208008]
[-15.394139289855957],[14.85693073272705]
[-18.208206176757812],[15.81726360321045]
[-0.2532219886779785],[1.088004231452942]
[-1.822615146636963],[4.080648422241211]
[-0.3779473304748535],[1.0265722274780273]
[-0.6088031530380249],[1.2595343589782715]
[-1.834210753440857],[3.923797130584717]
[-0.23370391130447388],[1.0226571559906006]
[-0.48182934522628784],[1.2979072332382202]
[-0.2747136950492859],[1.1326608657836914]
[-8.032496452331543],[11.216084480285645]
[-0.4560627341270447],[1.0575741529464722]
[-12.660672187805176],[13.960354804992676]
[-6.948672294616699],[10.641875267028809]
[-8.693472862243652],[12.188173294067383]
[-1.5320968627929688],[3.4696786403656006]
[-18.90560531616211],[14.550745964050293]
[-0.29391616582870483],[1.0142630338668823]
[-0.2232958972454071],[0.9930570721626282]
[-1.0736228227615356],[2.3455536365509033]
[-4.8604278564453125],[8.68606948852539]
[-0.8725576996803284],[1.8704034090042114]
[-1.1238781213760376],[2.50596284866333]
[-1.005300521850586],[1.9670469760894775]
[-1.5285500288009644],[3.06679105758667]
[-2.3710227012634277],[4.569427490234375]
[-3.192667245864868],[5.852542877197266]
[-7.033817768096924],[10.020268440246582]
[-0.7970547080039978],[1.361451506614685]
[-0.24142959713935852],[1.0262013673782349]
[-0.846021294593811],[1.4718364477157593]
[-0.2498989999294281],[1.0408275127410889]
[-1.5987412929534912],[3.6300952434539795]
[-0.6520813703536987],[1.1996747255325317]
[-0.3165667653083801],[1.0046802759170532]
[-0.26385918259620667],[1.1512422561645508]
[-0.2620374262332916],[0.9221808314323425]
[-5.701972484588623],[9.505582809448242]
[-18.799636840820312],[9.382325172424316]
[-0.3488610088825226],[0.9229801893234253]
[-0.6106134653091431],[1.067284107208252]
[-1.3168059587478638],[2.186720848083496]
[-0.43536171317100525],[0.9024858474731445]
[-2.491244316101074],[5.198653221130371]
[-0.1809903234243393],[0.8068695068359375]
[-2.091409921646118],[4.535841941833496]
[-1.198919653892517],[2.6192660331726074]
[-0.18824368715286255],[0.7009602189064026]
[-5.854630947113037],[9.754732131958008]
[-0.9951687455177307],[2.0655384063720703]
[-0.2323562502861023],[0.7217140197753906]
[-0.8235273957252502],[1.7424793243408203]
[-8.038786888122559],[11.813887596130371]
[-0.3324052691459656],[0.7396143674850464]
[-0.19484244287014008],[0.6475396752357483]
[-0.6241855621337891],[1.0610909461975098]
[-1.7755789756774902],[3.910478115081787]
[-0.2316705733537674],[0.6325818300247192]
[-3.5956802368164062],[6.799498558044434]
[-0.17936687171459198],[0.5687352418899536]
[-1.1851632595062256],[2.77803111076355]
[-0.9842123985290527],[2.1309726238250732]
[-0.15591146051883698],[0.5749573707580566]
[-2.65828013420105],[5.637044429779053]
[-2.27305006980896],[4.823127746582031]
[-0.2171928733587265],[0.5952973961830139]
[-0.1375027447938919],[0.5908964276313782]
[-0.9568931460380554],[2.082371950149536]
[-1.3242384195327759],[2.980341672897339]
[-1.2404634952545166],[2.7294211387634277]
[-0.21597616374492645],[0.5486826300621033]
[-0.3852245509624481],[0.6857178211212158]
[-14.389565467834473],[15.099441528320312]
[-5.262304306030273],[9.21036148071289]
[-10.540365219116211],[13.627654075622559]
[-13.487895011901855],[14.775323867797852]
[-3.3925766944885254],[5.96307373046875]
[-1.344294548034668],[2.681880474090576]
[-2.767289161682129],[5.490175247192383]
[-0.9398964643478394],[1.8414435386657715]
[-0.20826032757759094],[0.5729823708534241]
[-1.0952662229537964],[2.487959384918213]
[-4.976633071899414],[8.881810188293457]
[-0.13905635476112366],[0.5927110910415649]
[-1.259971022605896],[2.7573323249816895]
[-0.2101861536502838],[0.5602144598960876]
[-12.81560230255127],[14.858481407165527]
[-1.0421948432922363],[2.362675428390503]
[-0.14194944500923157],[0.5644974708557129]
[-11.191288948059082],[14.001822471618652]
[-0.9427812099456787],[2.0560081005096436]
[-0.8197216391563416],[1.8049628734588623]
[-1.838230848312378],[4.02903413772583]
[-0.6554356813430786],[1.2226331233978271]
[-0.24687401950359344],[0.6004501581192017]
[-7.072852611541748],[10.594696998596191]
[-0.5136212110519409],[0.8450964093208313]
[-1.1311702728271484],[2.2632265090942383]
[-1.6561604738235474],[2.796663284301758]
[-1.7284506559371948],[3.8715877532958984]
[-23.206344604492188],[10.912498474121094]
[-0.6053547859191895],[0.9699354767799377]
[-1.9542088508605957],[4.155025005340576]
[-0.5288044810295105],[0.858986496925354]
[-0.3558596968650818],[0.6708312630653381]
[-0.1522255837917328],[0.5137872099876404]
[-8.104982376098633],[11.868796348571777]
[-8.775538444519043],[9.374707221984863]
[-6.0370001792907715],[10.021479606628418]
[-0.9169514179229736],[2.1424782276153564]
[-4.948937892913818],[8.483610153198242]
[-0.41394278407096863],[0.7269953489303589]
[-4.328922271728516],[8.125828742980957]
[-2.499486207962036],[5.339358329772949]
[-2.476358413696289],[5.074306011199951]
[-17.517822265625],[18.782642364501953]
[-0.2181486189365387],[0.6034820675849915]
[-0.7565841674804688],[1.2091401815414429]
[-1.163306474685669],[1.3796968460083008]
[-1.1873377561569214],[2.590784788131714]
[-0.17827573418617249],[0.5356687307357788]
[-0.19407497346401215],[0.5893234610557556]
[-3.577019691467285],[7.127185821533203]
[-1.9036778211593628],[3.9983808994293213]
[-0.15021798014640808],[0.5764707922935486]
[-0.438263475894928],[0.7998260259628296]
[-1.7446942329406738],[4.034416675567627]
[-2.6751391887664795],[5.745666027069092]
[-0.20050249993801117],[0.5840664505958557]
[-0.717384934425354],[1.2285003662109375]
[-8.196150779724121],[11.856948852539062]
[-10.407787322998047],[13.185410499572754]
[-0.14395979046821594],[0.6141905188560486]
[-1.6181975603103638],[3.7049660682678223]
[-0.7542354464530945],[1.3156827688217163]
[-0.18582212924957275],[0.5893599987030029]
[-0.4323694109916687],[0.7847678065299988]
[-1.703969120979309],[3.750364303588867]
[-0.28775063157081604],[0.6477765440940857]
[-5.111891746520996],[8.996917724609375]
[-3.9823834896087646],[7.696010112762451]
[-3.3117661476135254],[6.258228778839111]
[-3.9465436935424805],[7.166260719299316]
[-0.5411372184753418],[0.9303972721099854]
[-4.560248374938965],[7.901838779449463]
[-2.3962900638580322],[5.276223182678223]
[-4.189871311187744],[7.886720657348633]
[-2.013529062271118],[4.488253593444824]
[-0.15207980573177338],[0.6150733828544617]
[-0.15527507662773132],[0.588037371635437]
[-0.14933902025222778],[0.5912382006645203]
[-0.3121081590652466],[0.6476936340332031]
[-8.976888656616211],[12.47835922241211]
[-4.714052200317383],[7.5992350578308105]
[-0.2762152850627899],[0.662379801273346]
[-0.1697099357843399],[0.6756696105003357]
[-3.339952230453491],[6.689446449279785]
[-0.7520772218704224],[1.5861657857894897]
[-1.2049627304077148],[2.684544563293457]
[-0.7481260299682617],[1.0910626649856567]
[-1.9942498207092285],[4.409520149230957]
[-0.16053776443004608],[0.6608259081840515]
[-3.1125271320343018],[6.460804462432861]
[-1.2969340085983276],[2.3314714431762695]
[-5.829436779022217],[9.85511589050293]
[-0.214878112077713],[0.6469696164131165]
[-8.912736892700195],[12.051772117614746]
[-0.45014601945877075],[0.7540512084960938]
[-2.3491036891937256],[4.670228004455566]
[-0.17043405771255493],[0.6162709593772888]
[-8.495396614074707],[11.940317153930664]
[-1.608309030532837],[3.6727328300476074]
[-0.5983231663703918],[1.074080228805542]
[-0.695855438709259],[1.1995952129364014]
[-4.055327892303467],[6.8979997634887695]
[-2.8465747833251953],[5.639900207519531]
[-0.5612382888793945],[1.001741886138916]
[-3.0259621143341064],[6.351922512054443]
[-2.0800163745880127],[4.587101459503174]
[-1.6033813953399658],[3.4458539485931396]
[-2.063169479370117],[4.139318943023682]
[-3.448376178741455],[6.204433917999268]
[-2.3481552600860596],[5.204417705535889]
[-5.384329319000244],[9.172271728515625]
[-0.16072885692119598],[0.7096688151359558]
[-0.40374961495399475],[0.6711283326148987]
[-0.17747969925403595],[0.6361619830131531]
[-11.357051849365234],[14.081942558288574]
[-1.182354211807251],[2.842846632003784]
[-5.879963397979736],[10.04757022857666]
[-0.6862964034080505],[1.2520663738250732]
[-0.14692138135433197],[0.6174976825714111]
[-0.3001786768436432],[0.6877951622009277]
[-1.6203745603561401],[3.557502508163452]
[-0.25001969933509827],[0.6797433495521545]
[-0.8332023024559021],[1.8445732593536377]
[-0.6057022213935852],[1.178446888923645]
[-9.146589279174805],[12.531042098999023]
[-8.555004119873047],[12.333657264709473]
[-0.737088143825531],[1.6179990768432617]
[-4.65731143951416],[7.533112049102783]
[-3.5487918853759766],[7.168453216552734]
[-1.1735682487487793],[2.8333475589752197]
[-0.23635061085224152],[0.6856846213340759]
[-6.061063766479492],[10.280750274658203]
[-0.21246448159217834],[0.5798974633216858]
[-3.7429120540618896],[7.305222988128662]
[-7.334969520568848],[11.211663246154785]
[-0.7136033773422241],[1.1382765769958496]
[-0.6178436279296875],[1.240237832069397]
[-13.411900520324707],[13.460433959960938]
[-4.154665470123291],[6.6067609786987305]
[-6.717259883880615],[10.829071044921875]
[-0.6444657444953918],[1.307970404624939]
[-0.1540743112564087],[0.5673149824142456]
[-0.13833266496658325],[0.5439388751983643]
[-1.2517330646514893],[2.8297512531280518]
[-0.22956664860248566],[0.6245737671852112]
[-0.22897256910800934],[1.1141613721847534]
[-3.3602662086486816],[6.661355495452881]
[-0.22993133962154388],[0.6492665410041809]
[-9.155746459960938],[12.929960250854492]
[-0.14761613309383392],[0.6263393759727478]
[-8.694710731506348],[12.786221504211426]
[-1.3790496587753296],[3.1631903648376465]
[-5.39838981628418],[9.132331848144531]
[-1.6914448738098145],[3.9647891521453857]
[-0.6083522439002991],[0.7140985131263733]
[-0.565967321395874],[0.994649350643158]
[-0.30407166481018066],[0.6501247882843018]
[-9.466611862182617],[13.274656295776367]
[-3.276118040084839],[6.630829334259033]
[-0.35210832953453064],[0.6683744192123413]
[-1.3711961507797241],[3.299043893814087]
[-0.18149037659168243],[0.6065108180046082]
[-1.4166260957717896],[3.256415367126465]
[-0.736891508102417],[1.571614146232605]
[-0.4130809009075165],[0.7765241265296936]
[-0.5914204120635986],[1.1566767692565918]
[-0.17071664333343506],[0.6132024526596069]
[-2.5053532123565674],[5.452678680419922]
[-1.0628149509429932],[2.578166961669922]
[-0.8678480982780457],[2.059908628463745]
[-0.19874770939350128],[0.5598717331886292]
[-3.6480283737182617],[7.362792491912842]
[-4.016806602478027],[7.523545265197754]
[-0.3311917781829834],[0.6779406070709229]
[-0.19577106833457947],[0.569879412651062]
[-0.570515513420105],[1.0519407987594604]
[-1.0105949640274048],[2.2590951919555664]
[-2.135019302368164],[4.668856620788574]
[-1.4174203872680664],[2.113694190979004]
[-0.2667405605316162],[0.630131185054779]
[-0.3625243306159973],[0.6468731164932251]
[-0.49046263098716736],[0.8926754593849182]
[-4.360195159912109],[8.35335922241211]
[-0.23621037602424622],[0.5561243295669556]
[-2.9510459899902344],[5.934674263000488]
[-3.5637173652648926],[7.205117225646973]
[-0.4587467610836029],[0.7982996106147766]
[-2.395559072494507],[4.5500898361206055]
[-0.40702056884765625],[0.769612193107605]
[-1.218043327331543],[2.958803176879883]
[-0.20574548840522766],[0.5756543874740601]
[-0.6330527663230896],[1.3034626245498657]
[-1.0130736827850342],[2.3271994590759277]
[-0.34635016322135925],[0.6852349638938904]
[-0.5218711495399475],[0.9886226058006287]
[-4.05972957611084],[7.428861141204834]
[-9.70798397064209],[12.828924179077148]
[-0.1328432410955429],[0.5500771403312683]
[-1.6044831275939941],[3.378253936767578]
[-0.14957045018672943],[0.5861126780509949]
[-0.42641332745552063],[0.8075303435325623]
[-2.434140682220459],[5.020566940307617]
[-1.8441009521484375],[4.0455193519592285]
[-1.675007700920105],[3.5856103897094727]
[-0.5926619172096252],[1.147466778755188]
[-0.14587953686714172],[0.5142629146575928]
[-1.7240793704986572],[4.053197860717773]
[-0.9513294100761414],[2.2914528846740723]
[-0.2600107192993164],[0.6325849890708923]
[-0.14386817812919617],[0.5604649782180786]
[-0.2870247960090637],[0.6403868198394775]
[-0.22888217866420746],[0.5894385576248169]
[-1.3842138051986694],[2.906235694885254]
[-0.7925747036933899],[1.842960000038147]
[-0.183318629860878],[0.7953479290008545]
[-0.2931140065193176],[0.6330238580703735]
[-0.15921778976917267],[0.6316987872123718]
[-2.1225340366363525],[4.436532020568848]
[-0.1490068882703781],[0.6000451445579529]
[-5.565073490142822],[9.918181419372559]
[-9.192124366760254],[13.162247657775879]
[-0.1397520899772644],[0.5582890510559082]
[-0.3681529462337494],[0.7593636512756348]
[-0.5485379695892334],[1.075514554977417]
[-1.5183894634246826],[3.430518865585327]
[-1.7135862112045288],[3.8718762397766113]
[-0.30291280150413513],[0.6491338610649109]
[-1.945277452468872],[3.905808925628662]
[-0.14145508408546448],[0.6107026934623718]
[-0.12839996814727783],[0.500369131565094]
[-0.13393990695476532],[0.4975806474685669]
[-0.18900097906589508],[0.5205230116844177]
[-0.30680814385414124],[0.6258524656295776]
[-0.13930299878120422],[0.5455617308616638]
[-3.641948699951172],[6.353556156158447]
[-0.12958303093910217],[0.5222165584564209]
[-0.13413693010807037],[0.5049014687538147]
[-0.138727605342865],[0.5514314770698547]
[-0.15183016657829285],[0.5549802184104919]
[-7.168294429779053],[11.175871849060059]
[-5.9644036293029785],[10.435178756713867]
[-0.4355834722518921],[0.8112743496894836]
[-0.6949940919876099],[1.4864168167114258]
[-2.6392667293548584],[5.699521541595459]
[-0.549308717250824],[1.0549739599227905]
[-0.17375536262989044],[0.5194984078407288]
[-0.7103258371353149],[1.6457555294036865]
[-0.16148313879966736],[0.5025843977928162]
[-1.779476523399353],[3.7953433990478516]
[-1.0350570678710938],[2.5565083026885986]
[-0.13841472566127777],[0.4679000675678253]
[-0.13891883194446564],[0.4933788776397705]
[-4.517052173614502],[8.687878608703613]
[-8.410390853881836],[12.975923538208008]
[-0.19430775940418243],[0.5972983837127686]
[-1.2171754837036133],[2.942200183868408]
[-1.5385315418243408],[3.0779929161071777]
[-0.20915301144123077],[0.6303068995475769]
[-1.6918964385986328],[3.786508560180664]
[-7.311352252960205],[10.977456092834473]
[-1.5477871894836426],[3.644831657409668]
[-1.701291799545288],[3.2619285583496094]
[-4.998116970062256],[9.341240882873535]
[-0.14494779706001282],[0.5932315587997437]
[-0.2234460562467575],[0.6048184633255005]
[-2.3655030727386475],[4.986457824707031]
[-1.5893115997314453],[3.7805891036987305]
[-2.0216281414031982],[4.363050937652588]
[-4.632019996643066],[8.33989143371582]
[-0.7645682096481323],[1.7946202754974365]
[-0.5251620411872864],[1.0206354856491089]
[-2.6339945793151855],[5.650615215301514]
[-1.7027881145477295],[4.029598712921143]
[-6.571416854858398],[9.929582595825195]
[-0.3999606668949127],[0.815657913684845]
[-0.2912731170654297],[0.7226290106773376]
[-0.14098775386810303],[0.5717050433158875]
[-5.812372207641602],[10.143858909606934]
[-0.16508595645427704],[0.6142429709434509]
[-0.29147133231163025],[0.6469407677650452]
[-9.420326232910156],[13.366766929626465]
[-1.036611795425415],[2.4270477294921875]
[-0.5554201006889343],[1.1324580907821655]
[-2.177046537399292],[4.821140289306641]
[-2.9891505241394043],[5.8093647956848145]
[-0.27893558144569397],[0.6284329295158386]
[-0.28231462836265564],[0.6024482250213623]
[-0.33754104375839233],[0.6581172943115234]
[-9.463642120361328],[12.721590995788574]
[-0.7021394968032837],[1.2866647243499756]
[-4.583430290222168],[8.467972755432129]
[-0.9432764649391174],[2.229741334915161]
[-1.189476728439331],[2.896815776824951]
[-3.158888339996338],[6.722945690155029]
[-0.2978750467300415],[0.6363697648048401]
[-1.0477209091186523],[2.5824027061462402]
[-0.7233646512031555],[1.6934186220169067]
[-0.5567233562469482],[1.0107920169830322]
[-1.4021930694580078],[3.250757932662964]
[-0.13475415110588074],[0.5196554660797119]
[-0.13960956037044525],[0.5750595331192017]
[-0.1340893656015396],[0.5591778755187988]
[-0.942676842212677],[1.9157679080963135]
[-3.8604249954223633],[7.496113300323486]
[-7.220724582672119],[11.606459617614746]
[-5.615152359008789],[10.151982307434082]
[-0.17142650485038757],[0.5213931798934937]
[-0.748818039894104],[1.7640607357025146]
[-0.3319084048271179],[0.6799303293228149]
[-1.6778995990753174],[3.8689115047454834]
[-1.2042711973190308],[2.733487129211426]
[-4.664900302886963],[8.850472450256348]
[-2.4819769859313965],[5.57380485534668]
[-7.862630367279053],[12.719718933105469]
[-0.2192012369632721],[0.7078295946121216]
[-0.4418206810951233],[0.8446470499038696]
[-4.628522872924805],[7.0468902587890625]
[-6.4755473136901855],[10.676153182983398]
[-4.141198635101318],[7.982144355773926]
[-0.17606313526630402],[0.49049773812294006]
[-1.8357625007629395],[3.834336757659912]
[-0.4086848795413971],[0.7879555225372314]
[-0.6976842880249023],[0.8292633295059204]
[-0.4175325334072113],[0.777492344379425]
[-0.48882919549942017],[0.9808869957923889]
[-0.19151313602924347],[0.5489460825920105]
[-0.6065916419029236],[1.0631927251815796]
[-0.9709826111793518],[2.079174518585205]
[-2.500194787979126],[5.226608753204346]
[-0.9812233448028564],[2.2329111099243164]
[-0.14756684005260468],[0.5401021242141724]
[-2.4911134243011475],[5.425368309020996]
[-4.190189361572266],[8.318817138671875]
[-0.1348467916250229],[0.5229171514511108]
[-2.096350908279419],[4.698276519775391]
[-0.970175564289093],[2.1661384105682373]
[-2.7778403759002686],[5.271653175354004]
[-0.1865805685520172],[0.5670797824859619]
[-0.13783782720565796],[0.5379791855812073]
[-0.6425158381462097],[1.2881978750228882]
[-0.27208226919174194],[0.6340063214302063]
[-5.61182975769043],[9.426238059997559]
[-0.8068884015083313],[1.8498694896697998]
[-4.272725582122803],[8.246707916259766]
[-5.0636773109436035],[9.190330505371094]
[-1.25175940990448],[3.0721912384033203]
[-1.613915205001831],[3.5690805912017822]
[-1.8440942764282227],[4.212024688720703]
[-6.229349136352539],[10.91910457611084]
[-0.2210378348827362],[0.5491958856582642]
[-0.6777737140655518],[1.561838984489441]
[-0.12968815863132477],[0.5074981451034546]
[-2.4121172428131104],[5.444681644439697]
[-1.0777546167373657],[2.567462205886841]
[-0.12658318877220154],[0.5170517563819885]
[-1.6463263034820557],[3.7466535568237305]
[-0.8113147616386414],[1.8532493114471436]
[-5.530641555786133],[9.437128067016602]
[-0.1256919801235199],[0.5009868741035461]
[-1.437037706375122],[3.3442087173461914]
[-7.333365440368652],[11.212064743041992]
[-8.700319290161133],[12.10246467590332]
[-0.4627726674079895],[0.7829621434211731]
[-0.2248842865228653],[0.4943021833896637]
[-6.01803731918335],[10.314123153686523]
[-5.9072065353393555],[10.567615509033203]
[-1.0827479362487793],[2.675467014312744]
[-10.073349952697754],[12.332337379455566]
[-2.901027202606201],[6.314932346343994]
[-0.3008938729763031],[0.6074432730674744]
[-8.282835960388184],[12.763154029846191]
[-1.6957191228866577],[3.990455150604248]
[-0.1476307362318039],[0.5521162748336792]
[-0.23439015448093414],[0.5625674724578857]
[-0.3490486741065979],[0.7045369148254395]
[-0.5898348689079285],[1.2706258296966553]
[-1.3981040716171265],[3.3958916664123535]
[-6.026883125305176],[10.361906051635742]
[-0.15500257909297943],[0.583990216255188]
[-0.1898837387561798],[0.5390235185623169]
[-2.582472562789917],[5.752202987670898]
[-0.4563179314136505],[0.872944712638855]
[-0.1472197026014328],[0.5293633937835693]
[-0.31662517786026],[0.6616300940513611]
[-2.4382588863372803],[5.212479114532471]
[-1.1756752729415894],[2.8860433101654053]
[-1.5534087419509888],[3.532993793487549]
[-3.343836545944214],[6.774725914001465]
[-0.5189736485481262],[0.9890744090080261]
[-0.44296911358833313],[0.8582963347434998]
[-4.311502933502197],[8.502351760864258]
[-0.7175076603889465],[1.46979820728302]
[-0.4458393156528473],[0.8047481179237366]
[-1.6578947305679321],[3.619565010070801]
[-0.6643142700195312],[1.1951849460601807]
[-1.374255895614624],[2.845134973526001]
[-0.13649314641952515],[0.49433085322380066]
[-5.851136684417725],[10.37412166595459]
[-1.1082144975662231],[2.567793607711792]
[-0.809941828250885],[1.9891027212142944]
[-0.6294734477996826],[1.36184823513031]
[-2.4682729244232178],[4.8717498779296875]
[-1.4345773458480835],[3.4900565147399902]
[-0.12906375527381897],[0.5367593765258789]
[-0.8516244888305664],[1.854386329650879]
[-7.241705894470215],[12.187723159790039]
[-0.1395106464624405],[0.49640360474586487]
[-0.3209054470062256],[0.5768071413040161]
